15 1630
393 951
432 796
120 872
433 1630
668 1696
292 756
175 1115
588 1082
431 1138
584 816
240 816
694 1038
420 1447
330 1030
182 1168
125 964
443 964
48 1269
499 949
85 1201
686 986
626 1174
292 1648
190 858
662 734
58 931
672 1875
444 902
120 792
340 720
569 734
595 1428
257 1102
694 1269
153 781
455 1082
509 858
120 1082
423 1875
474 954
599 1102
43 1168
694 1076
203 781
15 1138
197 832
101 1034
582 1134
41 1025
287 1150
268 1397
389 2083
156 1010
625 747
573 1025
564 768
343 1074
217 1278
426 850
329 964
446 915
516 858
651 832
678 964
669 1630
40 1035
30 766
97 1282
455 1169
174 1115
382 1019
575 756
298 926
382 891
16 1138
532 1281
393 1066
93 996
46 1888
165 893
624 791
50 1169
138 1706
451 1070
550 956
645 1258
603 806
110 779
271 1030
564 872
572 1126
327 718
308 1134
624 940
154 1074
616 1076
392 847
423 1695
232 999
580 1070
628 846
433 1896
196 1220
573 1450
406 810
597 873
441 1404
181 1138
309 1167
135 994
668 1697
58 720
23 1132
524 940
321 891
367 1183
616 1030
210 1486
120 1169
329 872
433 891
573 1335
526 894
130 757
506 1030
302 756
616 1038
433 1894
442 1150
685 806
341 816
561 1389
523 1695
281 897
251 909
316 964
289 872
462 996
332 807
138 1701
314 1737
3 1035
530 852
175 1882
473 1003
347 949
71 952
520 734
236 733
613 1143
19 827
306 1696
170 1624
252 1036
271 1701
671 734
603 1102
93 1343
175 996
302 720
524 847
396 1876
410 891
322 1150
396 1874
289 996
579 1344
587 1167
325 1066
516 718
317 1034
48 1082
316 996
624 1036
640 1023
694 996
504 1356
120 996
363 775
251 858
552 756
597 872
50 1038
455 971
120 1269
77 807
25 1857
588 1017
346 996
202 1150
310 1695
695 828
121 1322
110 1877
593 891
95 1167
523 1697
626 986
317 902
332 883
607 779
588 873
449 986
292 1701
415 741
213 806
69 986
97 718
678 720
31 945
101 1169
6 832
357 1624
16 1017
616 902
444 1034
520 757
242 1102
40 1004
637 726
20 1246
444 949
50 720
579 1253
544 986
617 734
185 1036
580 986
499 1706
694 768
564 940
2 878
616 1036
272 720
138 1088
680 1473
340 873
83 756
639 1313
312 872
93 940
616 720
561 756
623 998
564 1034
423 1168
97 827
650 1131
575 1115
680 987
148 791
528 1910
377 1131
110 1874
523 1168
255 1097
382 1891
294 1115
132 1910
143 1702
638 1693
365 858
184 1138
537 742
176 822
389 996
626 964
0 783
477 1143
306 981
689 984
42 911
669 1074
108 986
584 756
60 905
637 721
12 1168
505 816
120 847
389 1143
329 931
206 1038
325 1150
93 1881
97 1522
48 883
101 1143
524 757
396 1878
396 1695
120 929
271 1115
553 1025
433 1892
168 1257
13 806
690 1445
537 987
25 810
221 1362
580 1018
175 1138
272 1143
339 954
69 1074
141 721
569 996
340 872
359 816
370 751
496 961
322 1066
543 1074
631 1191
264 951
368 727
103 1719
616 757
225 996
521 1718
335 1030
93 964
97 858
183 779
486 1025
294 1102
14 972
324 996
17 806
671 940
292 911
85 1168
553 1110
596 1129
683 772
185 873
528 1205
229 1167
252 996
204 718
145 964
43 1129
499 1859
644 950
617 1624
588 1143
299 2216
561 806
50 872
171 1143
631 715
437 1143
606 806
278 1167
90 1066
191 902
292 956
429 1043
225 1030
374 987
347 1069
275 1862
62 843
93 1115
38 823
220 1348
125 1066
228 986
10 1872
477 720
264 1066
346 872
597 1115
550 1213
422 1167
574 1074
250 768
225 873
624 1017
10 1202
176 790
291 1694
219 816
175 734
25 1856
520 1030
16 951
85 1693
624 996
123 872
433 1895
170 1102
684 1494
588 1034
626 931
514 1167
329 1087
32 996
630 1268
176 945
96 1066
428 1169
454 1082
694 1143
286 987
549 1074
138 1705
444 1102
573 998
310 779
539 1910
202 951
356 1435
349 809
661 1349
199 1565
669 902
344 945
93 1030
206 1143
9 1074
550 1160
545 973
631 821
239 897
46 1886
275 1297
659 789
579 1559
393 1150
183 1697
302 996
31 751
96 951
675 797
332 1074
624 757
268 1343
15 986
526 1023
316 1036
546 1025
165 894
597 1143
393 1271
580 914
672 1874
382 1222
41 998
260 775
433 1891
324 1036
272 949
227 832
101 1269
0 820
225 986
48 791
407 768
329 1169
315 891
292 1705
58 1143
143 956
48 1143
333 797
588 1115
569 986
26 756
659 724
548 987
396 1877
133 1701
165 1068
469 810
580 933
449 1074
48 1034
523 1875
433 1561
93 1883
194 806
268 966
299 2213
637 966
437 1070
373 757
183 1010
201 1030
473 896
573 1168
133 1648
522 827
593 1019
185 1143
597 931
148 929
614 1167
148 931
131 883
413 874
634 1205
138 1702
529 931
656 1126
662 1030
495 827
549 1138
330 964
126 981
7 1167
299 1693
125 872
23 714
58 1034
123 1034
100 1070
291 1070
275 1156
346 964
289 873
457 1167
49 931
579 1332
311 832
340 1082
569 757
172 914
255 814
277 872
93 873
672 1010
148 1082
46 1023
83 1110
597 791
148 1034
461 718
361 852
225 734
564 964
183 1878
623 1168
292 1704
624 1038
698 1205
495 848
306 1876
607 1877
110 1876
381 1697
388 1874
523 1129
581 1693
226 1491
285 893
310 1697
529 753
431 1030
225 847
175 1881
507 1630
12 981
133 956
607 1010
214 950
546 2089
148 872
367 1168
368 827
428 1150
148 1038
189 775
371 1034
31 822
16 734
87 873
697 1719
374 1254
48 929
587 781
588 720
24 757
502 1344
322 951
12 1875
293 781
691 951
306 1168
101 1017
550 1706
2 1161
655 1630
624 902
140 1088
366 832
600 1134
340 1036
123 806
391 1028
590 1168
262 1108
120 1087
259 1696
101 720
506 734
160 964
429 1054
370 790
294 806
564 902
61 1134
652 1415
271 956
546 756
542 893
344 718
544 1074
228 872
238 1870
561 1296
429 742
206 948
101 872
266 1425
611 1132
597 902
564 1017
12 779
594 1562
597 1034
85 1180
400 720
564 986
58 872
58 873
302 1143
78 742
616 1115
550 1701
243 847
14 977
138 1910
35 971
432 816
292 1703
183 1876
524 1030
147 827
668 1874
573 1333
83 956
136 996
552 806
354 1289
255 1141
158 1695
361 1630
441 1858
242 1321
306 1874
137 1126
130 847
700 736
294 1034
276 1023
151 1180
567 1017
686 914
431 816
60 891
110 1875
433 1562
388 1697
211 832
546 710
495 858
622 710
627 1632
183 1875
112 1028
376 940
148 1017
329 1082
257 1036
80 825
595 1165
92 1082
580 807
406 1856
122 775
509 1137
65 816
12 1874
27 897
268 1203
48 1038
431 986
663 1167
379 1150
546 859
623 1160
374 1404
616 1082
120 1038
460 1129
154 986
22 889
617 1030
381 1696
396 1168
579 955
355 999
388 1877
122 781
428 883
624 1143
436 823
110 1697
23 987
101 1082
458 1169
696 951
388 1696
46 1885
4 1138
597 1036
174 756
486 891
368 848
217 1148
325 951
292 1706
368 2210
442 951
19 1911
93 986
564 996
201 757
496 1318
120 883
334 1027
570 1074
43 1875
671 847
242 873
575 996
495 718
588 872
423 1877
356 1880
172 967
48 720
86 852
144 1875
49 1017
299 1624
424 1070
692 766
244 858
58 929
99 853
654 986
546 946
609 1566
569 1291
539 1217
616 940
570 1872
560 827
573 946
101 940
597 1038
271 734
10 1131
351 766
134 954
588 1038
616 872
442 1066
497 872
75 893
631 1231
281 893
691 1138
110 1695
335 1131
388 779
480 858
586 1038
109 1115
352 1383
141 916
175 847
588 1169
96 1150
396 1010
329 1143
48 1169
367 981
601 1874
144 1876
523 1010
58 791
392 757
2 1032
299 954
451 948
101 1036
410 1019
46 1887
524 734
616 996
17 1102
8 829
696 1066
245 902
161 1635
454 1169
191 1034
299 1131
405 858
631 958
358 1134
503 1289
677 757
175 1030
294 996
141 793
22 1262
85 1183
472 757
2 854
693 874
374 1378
597 1076
329 720
145 1017
496 1350
316 1143
43 981
585 951
367 1010
144 1010
550 949
138 1704
368 718
276 894
193 740
434 1158
671 1030
26 1402
573 1869
271 757
486 950
48 996
549 986
121 1276
261 1316
50 929
564 734
421 883
271 1706
262 1626
541 756
587 775
120 964
573 1070
252 1115
623 1069
380 718
506 847
230 851
76 951
43 1877
111 1072
49 964
148 964
144 1874
606 1102
616 929
581 981
31 790
601 1168
35 873
364 718
581 1180
140 775
175 940
64 1882
50 1076
135 814
178 858
266 1394
661 781
146 1131
528 1035
136 1036
279 714
175 757
299 2215
616 1269
279 1254
668 1878
420 868
356 1226
433 1560
514 2211
233 858
243 734
463 827
588 964
292 984
43 1695
251 848
306 1878
521 1277
658 827
183 1696
300 775
491 858
12 1695
496 848
38 1110
10 1873
22 1127
621 753
395 806
615 714
691 986
388 1878
669 1034
669 1632
87 1169
444 996
361 1313
397 964
151 1201
93 734
291 1178
109 1036
330 757
543 1138
57 1102
287 1066
268 821
340 1038
624 872
19 842
477 786
569 1030
624 720
597 964
224 775
12 1697
532 1889
288 1054
329 1034
469 1065
115 1566
378 857
22 968
93 1236
15 1074
324 1115
631 1192
68 1220
303 816
120 1076
120 734
668 1876
364 858
275 1861
20 1768
431 807
374 714
306 1010
93 1882
41 1160
82 751
363 1278
340 1143
126 1168
672 1168
509 1108
637 1204
569 1138
82 1109
228 996
529 964
31 1085
41 1168
85 1010
185 720
694 1102
569 940
43 1010
511 883
658 1316
82 945
471 1134
175 986
393 949
433 1213
566 1030
523 981
478 1624
225 940
423 1010
618 846
672 779
170 996
302 1036
507 1632
314 1134
491 718
672 1876
8 1692
151 1010
574 883
391 1167
508 1325
190 1446
306 1877
92 931
532 1098
397 954
120 902
90 1150
446 1714
64 757
566 757
110 1168
48 902
363 1165
537 1473
127 806
280 1035
110 981
330 940
268 1204
120 1030
264 1150
508 1904
16 986
483 714
65 1148
499 1213
540 1035
400 1143
32 1036
86 1223
569 806
50 1082
396 1696
255 993
661 820
144 1129
316 986
22 1157
423 981
110 1696
431 1074
12 1129
286 1473
48 1076
329 873
226 789
616 847
381 1560
345 816
567 964
505 1232
346 768
238 1869
481 750
445 768
337 823
295 873
367 1201
581 1183
373 1030
389 1087
244 718
570 986
306 1875
289 1017
2 1238
159 1143
94 1565
669 772
616 1169
588 929
120 1034
375 1091
607 1878
524 949
425 951
388 1695
43 1874
175 964
319 1088
333 1847
596 1010
588 791
93 1066
332 1131
696 1150
624 1169
316 1115
152 980
112 1167
499 956
299 1202
411 718
295 971
330 847
310 1696
468 1364
631 1194
102 806
281 1224
151 1168
257 806
120 940
101 757
14 1698
553 891
222 1134
340 902
607 1876
160 1030
573 1018
668 779
632 863
534 1030
251 1562
621 757
564 757
330 734
50 791
116 780
361 1632
694 964
268 715
160 757
292 816
292 1110
523 1874
668 1010
610 756
573 1365
694 1017
43 1878
348 816
616 1143
174 996
60 1168
110 1010
607 1695
638 1201
616 1017
148 873
454 873
694 720
321 1019
71 1167
286 1254
652 1355
158 739
694 1034
154 1138
41 1069
64 1881
521 806
151 981
691 883
68 1434
369 741
428 753
596 1168
637 821
561 1102
123 902
172 948
286 1404
299 1872
616 883
672 1697
31 1109
64 734
273 781
108 1138
289 964
63 736
201 940
400 949
423 779
398 1066
12 1876
38 1072
299 2212
271 847
271 949
120 757
548 1065
588 996
703 872
176 1109
694 929
83 796
144 1878
550 1702
668 981
425 1150
279 843
141 729
429 1714
392 734
70 1054
486 1742
22 1147
195 1143
423 1696
672 981
678 1143
126 1010
631 1195
409 816
365 718
14 1699
172 933
191 872
338 1131
622 1167
536 831
50 902
295 1082
658 747
585 1280
289 1138
554 802
650 734
213 1102
132 816
339 1624
498 1030
120 1017
163 1035
136 1115
597 1082
48 964
707 1035
341 727
332 1070
624 847
535 807
255 994
164 897
638 1872
183 1877
178 718
436 827
138 956
411 858
50 964
573 1870
475 1102
534 757
43 1697
47 816
309 1088
380 858
203 1910
477 929
280 1345
693 803
463 741
52 816
201 847
491 1854
613 926
76 1150
448 964
500 1121
242 806
144 981
425 1066
427 1126
62 714
567 996
433 816
602 2007
225 1138
626 1017
255 908
633 1167
587 904
24 1030
624 1269
624 873
49 1076
595 1381
69 1138
675 1430
265 1102
35 1076
93 1160
138 1703
544 1138
381 1562
265 806
121 1568
704 1150
228 1138
460 1168
567 986
144 1877
476 757
14 1700
281 1460
398 1150
11 734
439 1082
597 1017
428 873
185 996
694 872
340 964
571 897
374 810
597 720
40 1708
504 1221
66 1156
372 1150
484 1134
16 1070
694 902
85 981
668 1695
590 1069
561 996
220 858
174 1036
330 986
579 1354
299 1201
19 1564
120 1143
661 1028
340 996
499 1702
140 1028
616 1034
450 1102
225 1115
557 781
541 1038
554 823
494 1167
243 940
65 807
652 1185
488 894
271 996
306 1695
130 940
499 1860
140 903
419 1027
362 757
574 1070
247 858
607 1875
291 1445
597 1169
691 1066
316 1169
567 873
371 872
624 964
448 1143
125 883
585 1066
54 946
395 1102
637 1203
622 748
204 858
148 720
93 847
206 964
50 873
530 829
316 872
368 858
50 1034
101 1038
252 756
433 1632
631 1193
622 952
88 718
201 734
565 969
46 894
306 779
672 1696
637 793
148 902
586 1143
194 756
420 1048
128 1316
616 734
564 847
48 1017
310 1875
299 1873
93 872
90 951
34 1138
62 1254
569 847
179 858
676 1027
306 1697
579 1417
170 872
672 1878
504 1909
389 949
24 734
87 971
702 781
48 940
569 1102
677 1143
144 1695
176 1085
143 1701
461 858
312 996
652 1300
499 1701
245 1034
423 1697
626 1138
493 1000
433 984
184 1074
509 1369
662 757
392 1030
268 1730
613 1070
655 846
538 1035
485 1082
225 757
188 1827
101 791
329 902
48 1036
523 1878
478 954
408 1103
349 770
654 996
370 1085
597 929
616 873
561 1377
631 966
522 823
11 757
388 1010
9 772
561 802
489 1566
202 1066
506 757
671 757
371 902
377 757
148 1143
286 714
337 827
686 1138
581 1201
552 1213
524 964
172 1066
141 821
210 1481
134 1624
612 1278
261 718
469 1639
62 987
156 1168
496 1423
574 807
294 872
367 1180
526 1774
48 757
392 940
564 873
567 1074
270 781
349 1130
183 1874
176 878
123 996
228 1168
84 997
316 1082
144 1168
317 1868
462 872
477 1038
431 757
479 1566
153 1088
268 1382
588 931
46 850
335 883
299 1871
607 1874
255 909
650 1030
388 1876
74 1034
375 988
