15 1630
393 951
58 1017
120 872
433 1630
668 1696
423 1874
175 1115
588 1082
431 1138
101 964
240 816
694 1038
420 1447
401 1116
182 1168
125 964
443 964
537 979
499 949
85 1201
686 986
128 979
292 1648
190 858
662 734
310 1876
672 1875
444 902
120 792
384 786
569 734
595 1428
257 1102
228 720
153 781
455 1082
509 858
627 1630
423 1875
474 954
599 1102
35 1169
694 1076
203 781
15 1138
133 1702
101 1034
582 1134
41 1025
189 1165
268 1397
389 2083
156 1010
537 1404
573 1025
564 768
343 1074
58 902
426 850
329 964
446 915
123 1321
651 832
678 964
669 1630
135 993
30 766
97 1282
455 1169
123 1036
382 1019
575 756
298 926
595 775
16 1138
532 1281
393 1066
565 1235
46 1888
165 893
624 791
356 1373
138 1706
451 1070
550 956
465 872
603 806
110 779
271 1030
672 1695
572 1126
327 718
308 1134
68 1190
154 1074
616 1076
392 847
116 1254
232 999
580 1070
628 846
433 1019
196 1220
573 1450
406 810
194 1102
441 1404
181 1138
309 1167
682 781
668 1697
58 720
23 1132
523 1696
321 891
367 1183
616 1030
668 1875
120 1169
329 872
433 891
643 816
526 894
130 757
506 1030
371 791
616 1038
433 1894
442 1150
12 1877
341 816
561 1389
523 1695
423 1129
251 909
316 964
289 872
92 1169
332 807
138 1701
314 1737
371 720
530 852
175 1882
473 1003
311 1299
71 952
520 734
236 733
251 1522
19 827
306 1696
170 1624
553 950
271 1701
671 734
603 1102
617 1131
175 996
302 720
524 847
43 1876
410 891
322 1150
396 1874
35 931
579 1344
587 1167
325 1066
183 1695
317 1034
48 1082
316 996
145 1143
640 1023
694 996
504 1356
251 718
363 775
251 858
552 756
599 806
50 1038
455 971
120 1269
60 1019
25 1857
588 1017
346 996
511 948
310 1695
695 828
121 1322
100 1150
593 891
95 1167
523 1697
677 873
317 902
332 883
607 779
641 806
449 986
292 1701
415 741
46 1884
69 986
97 718
678 720
694 873
101 1169
6 832
357 1624
88 858
616 902
444 1034
520 757
93 951
40 1004
637 726
20 1246
144 779
50 720
579 1253
544 986
87 1082
185 1036
580 986
499 1706
89 1148
564 940
2 878
616 1036
315 997
138 1088
680 1473
340 873
130 1030
639 1313
312 872
93 940
654 954
561 756
623 998
564 1034
343 1036
97 827
650 1131
575 1115
694 931
148 791
528 1910
377 1131
48 734
523 1168
255 1097
382 1891
624 1076
132 1910
143 1702
638 1693
164 893
184 1138
537 742
176 822
433 1893
626 964
0 783
477 1143
310 1877
689 984
42 911
669 1074
398 951
584 756
60 905
637 721
128 766
505 816
120 847
389 1143
251 1236
206 1038
325 1150
93 1881
523 1876
48 883
101 1143
524 757
290 1131
396 1695
120 929
271 1115
575 1036
433 1892
168 1257
13 806
567 1036
537 987
25 810
221 1362
35 1082
175 1138
272 1143
339 954
541 949
141 721
569 996
340 872
466 883
370 751
496 961
322 1066
72 986
631 1191
264 951
368 727
483 1648
616 757
225 996
521 1718
458 873
93 964
97 858
183 779
261 1136
294 1102
14 972
324 996
499 1329
671 940
292 911
85 1168
188 1846
596 1129
683 772
185 873
559 1167
229 1167
252 996
204 718
299 2214
43 1129
499 1859
644 950
458 806
588 1143
299 2216
561 806
111 718
171 1143
631 715
437 1143
135 722
278 1167
90 1066
191 902
291 1292
429 1043
225 1030
374 987
271 940
275 1862
62 843
93 1115
74 1168
220 1348
125 1066
228 986
61 756
477 720
264 1066
346 872
171 996
550 1213
422 1167
574 1074
206 720
225 873
624 1017
10 1202
234 1560
291 1694
219 816
175 734
524 996
520 1030
16 951
85 1693
184 986
123 872
433 1895
170 1102
677 964
588 1034
626 931
514 1167
15 1632
32 996
630 1268
176 945
432 756
428 1169
454 1082
694 1143
394 1072
549 1074
138 1705
444 1102
347 1160
310 779
539 1910
202 951
521 1321
349 809
661 1349
199 1565
618 724
344 945
93 1030
206 1143
454 971
550 1160
545 973
631 821
301 741
46 1886
275 1297
659 789
62 1404
393 1150
183 1697
302 996
283 844
96 951
675 797
332 1074
389 1329
268 1343
15 986
526 1023
607 1696
546 1025
165 894
597 1143
146 757
580 914
672 1874
382 1222
383 810
260 775
433 1891
324 1036
19 1452
227 832
101 1269
0 820
581 1168
48 791
407 768
329 1169
704 1066
292 1705
58 1143
143 956
694 1169
333 797
588 1115
569 986
477 1074
659 724
548 987
396 1877
93 1138
165 1068
469 810
580 933
123 1102
48 1034
523 1875
433 1561
340 929
194 806
268 966
299 2213
245 872
437 1070
373 757
183 1010
101 847
473 896
573 1168
133 1648
346 1076
593 1019
185 1143
597 931
160 1017
614 1167
148 931
131 883
233 718
634 1205
138 1702
529 931
16 1066
662 1030
495 827
549 1138
330 1138
126 981
7 1167
299 1693
420 997
23 714
58 1034
123 1034
441 987
291 1070
275 1156
346 964
64 816
457 1167
49 931
579 1332
176 751
340 1082
569 757
172 914
310 1874
277 872
93 873
672 1010
101 734
46 1023
83 1110
597 791
413 803
461 718
361 852
225 734
347 1168
183 1878
623 1168
292 1704
115 1853
698 1205
495 848
306 1876
76 1066
110 1876
381 1697
388 1874
251 1723
581 1693
226 1491
285 893
180 848
529 753
431 1030
225 847
404 1167
507 1630
12 981
133 956
370 822
214 950
546 2089
148 872
405 718
368 827
428 1150
148 1038
261 858
371 1034
31 822
16 734
254 984
697 1719
374 1254
48 929
121 1567
588 720
24 757
502 1344
430 849
12 1875
293 781
691 951
356 1453
101 1017
550 1706
2 1161
680 1404
624 902
140 1088
366 832
64 1030
340 1036
123 806
391 1028
151 1183
262 1108
120 1087
259 1696
188 858
506 734
160 964
429 1054
283 1125
294 806
564 902
61 1134
459 807
271 956
546 756
542 893
344 858
544 1074
228 872
238 1870
183 981
429 742
206 948
101 872
607 1168
611 1132
597 902
564 1017
546 2090
594 1562
597 1034
85 1180
423 1878
564 986
58 872
58 873
228 757
78 742
616 1115
550 1701
148 1169
14 977
138 1910
35 971
424 835
292 1703
183 1876
524 1030
255 1234
668 1874
573 1333
83 956
23 1254
552 806
354 1289
255 1141
292 1138
361 1630
441 1858
242 1321
444 872
137 1126
130 847
700 736
499 1088
276 1023
151 1180
567 1017
393 911
431 816
60 891
110 1875
297 823
388 1697
211 832
546 710
101 902
622 710
627 1632
183 1875
424 1135
376 940
148 1017
329 1082
50 1143
80 825
595 1165
92 1082
183 1168
406 1856
122 775
509 1137
72 1138
12 1874
27 897
268 1203
616 791
431 986
663 1167
379 1150
120 720
623 1160
374 1404
616 1082
624 1082
460 1129
154 986
22 889
412 1102
381 1696
396 1168
579 955
144 1697
388 1877
122 781
428 883
502 741
436 823
110 1697
23 987
567 1138
458 1169
696 951
388 1696
36 1134
4 1138
597 1036
174 756
5 741
368 848
217 1148
325 951
271 1859
368 2210
442 951
19 1911
378 969
564 996
201 757
496 1318
340 1034
334 1027
570 1074
43 1875
125 1017
242 873
575 996
495 718
592 806
423 1877
356 1880
172 967
388 1129
86 852
144 1875
49 1017
68 1763
424 1070
692 766
244 858
302 964
99 853
654 986
546 946
146 1030
569 1291
539 1217
616 940
660 954
560 827
573 946
101 940
597 996
271 734
10 1131
351 766
685 1102
588 1038
616 872
442 1066
62 810
75 893
631 1231
281 893
477 791
110 1695
335 1131
388 779
592 1102
586 1038
109 1115
352 1383
50 1017
175 847
588 1169
96 1150
141 1067
329 1143
48 1169
367 981
564 1115
144 1876
523 1010
58 791
143 1706
2 1032
299 954
451 948
388 1168
410 1019
46 1887
524 734
310 1878
17 1102
8 829
696 1066
121 1020
161 1635
454 1169
191 1034
101 996
405 858
631 958
358 1134
564 1036
677 757
175 1030
294 996
100 951
22 1262
85 1183
472 757
553 1126
693 874
374 1378
597 1076
537 1371
145 1017
496 1350
316 1143
423 1876
585 951
367 1010
144 1010
379 951
138 1704
368 718
276 894
179 718
434 1158
671 1030
26 1402
621 1143
271 757
486 950
48 996
396 1875
121 1276
261 1316
50 929
167 1134
421 883
271 1706
262 1626
486 1525
587 775
120 964
573 1070
329 1017
623 1069
380 718
506 847
12 1696
76 951
43 1877
111 1072
469 1404
148 964
144 1874
606 1102
521 1717
581 981
31 790
601 1168
376 1030
364 718
581 1180
140 775
661 775
64 1882
50 1076
135 814
564 1030
266 1394
661 781
146 1131
564 931
136 1036
279 714
175 757
384 782
616 1269
279 1254
668 1878
492 1125
356 1226
433 1560
514 2211
668 1877
243 734
463 827
588 964
269 1167
43 1695
251 848
306 1878
368 1417
658 827
183 1696
300 775
12 1878
12 1695
496 848
38 1110
253 1167
22 1127
621 753
395 806
396 1697
691 986
388 1878
669 1034
406 1857
87 1169
444 996
361 1313
376 757
151 1201
93 734
291 1178
536 1749
330 757
543 1138
57 1102
329 791
268 821
340 1038
624 872
287 798
477 786
569 1030
624 720
58 964
224 775
12 1697
532 1889
16 1150
329 1034
469 1065
115 1566
564 1143
22 968
93 1236
15 1074
93 757
631 1192
68 1220
303 816
521 1253
120 734
668 1876
364 858
458 1102
20 1768
431 807
374 714
12 1010
93 1882
41 1160
82 751
424 1168
340 1143
126 1168
672 1168
43 779
637 1204
569 1138
82 1109
667 1108
529 964
31 1085
41 1168
133 1706
185 720
694 1102
569 940
46 1746
511 883
658 1316
82 945
275 1863
175 986
393 949
433 1213
694 806
523 981
478 1624
225 940
401 1858
618 846
672 779
170 996
485 1169
507 1632
314 1134
491 718
236 1008
8 1692
151 1010
574 883
588 902
508 1325
190 1446
306 1877
242 1169
532 1098
397 954
120 902
193 759
446 1714
64 757
566 757
295 1169
48 902
363 1165
537 1473
433 1742
280 1035
110 981
330 940
50 931
120 1030
264 1150
508 1904
10 1201
483 714
65 1148
499 1213
669 1138
400 1143
32 1036
86 1223
569 964
50 1082
396 1696
255 993
57 806
144 1129
316 986
22 1157
521 1102
110 1696
431 1074
12 1129
376 734
48 1076
329 873
226 789
122 1028
381 1560
345 816
567 964
123 1115
346 768
238 1869
481 750
292 1702
337 823
295 873
367 1201
329 1038
373 1030
389 1087
244 718
103 1103
306 1875
289 1017
2 1238
58 1082
94 1565
669 772
616 1169
43 1696
120 1034
375 1091
607 1878
49 873
425 951
388 1695
43 1874
2 1026
319 1088
333 1847
596 1010
196 1190
93 1066
332 1131
696 1150
668 1168
316 1115
152 980
112 1167
110 1878
299 1202
411 718
295 971
228 1143
310 1696
468 1364
631 1194
48 1030
281 1224
151 1168
257 806
185 964
101 757
14 1698
553 891
594 816
340 902
607 1876
160 1030
271 1036
668 779
632 863
534 1030
585 1150
621 757
564 757
330 734
607 1697
116 780
361 1632
694 964
92 872
160 757
292 816
292 1110
262 1430
668 1010
610 756
573 1365
396 779
43 1878
348 816
616 1143
120 1036
60 1168
110 1010
607 1695
160 734
616 1017
148 873
454 873
529 1017
321 1019
71 1167
286 1254
396 981
158 739
694 1034
154 1138
669 986
64 1881
521 806
151 981
329 929
68 1434
369 741
428 753
486 1019
637 821
561 1102
123 902
101 1076
286 1404
299 1872
616 883
567 872
31 1109
64 734
273 781
541 1143
289 964
63 736
201 940
424 974
423 779
398 1066
12 1876
118 789
299 2212
271 847
271 949
300 1165
548 1065
588 996
703 872
511 1070
694 929
83 796
144 1878
534 734
668 981
425 1150
279 843
624 929
429 1714
392 734
70 1054
225 964
22 1147
195 1143
423 1696
641 1102
678 1143
126 1010
631 1195
109 996
365 718
14 1699
172 933
496 802
338 1131
622 1167
536 831
130 734
295 1082
658 747
585 1280
310 981
554 802
650 734
213 1102
260 1028
339 1624
498 1030
120 1017
703 996
136 1115
597 1082
48 964
624 1034
341 727
332 1070
624 847
48 847
255 994
164 897
638 1872
340 1017
178 718
436 827
138 956
523 1877
50 964
573 1870
475 1102
590 998
43 1697
47 816
309 1088
261 1354
203 1910
477 929
280 1345
508 747
463 741
52 816
201 847
243 1030
613 926
76 1150
448 964
141 966
242 806
144 981
425 1066
48 873
62 714
567 996
433 816
101 1030
225 1138
626 1017
255 908
667 987
587 904
24 1030
624 1269
243 757
49 1076
595 1381
69 1138
616 964
265 1102
35 1076
93 1160
309 781
544 1138
381 1562
265 806
28 772
704 1150
228 1138
460 1168
624 734
144 1877
476 757
14 1700
350 883
398 1150
11 734
439 1082
294 1036
428 873
185 996
694 872
590 1160
571 897
374 810
597 720
418 832
504 1221
66 1156
372 1150
257 996
16 1070
694 902
85 981
379 1066
590 1069
561 996
220 858
145 720
330 986
579 1354
299 1201
127 1102
120 1143
661 1028
340 996
310 1168
140 1028
616 1034
450 1102
581 1010
557 781
541 1038
554 823
120 873
243 940
65 807
652 1185
10 1871
271 996
306 1695
130 940
58 1169
140 903
419 1027
362 757
317 872
247 858
607 1875
291 1445
439 1169
691 1066
316 1169
567 873
151 1693
624 964
448 1143
125 883
101 883
54 946
395 1102
637 1203
195 873
204 858
148 720
93 847
10 1693
50 873
530 829
316 872
585 775
50 1034
101 1038
252 756
144 1696
631 1193
622 952
88 718
628 724
565 969
46 894
306 779
506 940
637 793
148 902
586 1143
433 1525
420 1048
128 1316
616 734
624 1030
48 1017
310 1875
299 1873
367 1693
90 951
34 1138
62 1254
637 916
179 858
676 1027
306 1697
576 1134
170 872
672 1878
504 1909
255 722
24 734
87 971
702 781
672 1877
569 1102
677 1143
144 1695
654 772
143 1701
461 858
312 996
523 779
499 1701
245 1034
423 1697
327 858
493 1000
433 984
184 1074
78 807
662 757
392 1030
268 1730
669 872
655 846
538 1035
485 1082
427 997
188 1827
101 791
329 902
518 1134
523 1878
478 954
408 1103
624 883
654 996
370 1085
597 929
480 718
561 1377
631 966
522 823
58 1038
388 1010
9 772
561 802
310 1010
202 1066
506 757
671 757
588 1036
377 757
148 1143
286 714
158 1135
686 1138
581 1201
552 1213
388 1875
172 1066
141 821
210 1481
205 768
612 1278
261 718
469 1639
101 873
156 1168
496 1423
574 807
101 929
367 1180
526 1774
48 757
691 1150
564 873
567 1074
270 781
441 1473
183 1874
176 878
123 996
564 1138
84 997
316 1082
144 1168
114 1025
462 872
477 1038
431 757
524 1143
153 1088
268 1382
588 931
48 872
335 883
299 1871
607 1874
316 1034
650 1030
388 1876
74 1034
