120,164,1
175,407,1
240,108,1
182,460,1
499,241,1
292,940,1
672,1167,1
569,26,1
153,73,1
423,1167,1
694,368,1
101,326,1
268,689,1
573,317,1
426,142,1
651,124,1
30,58,1
382,311,1
16,430,1
46,1180,1
138,998,1
603,98,1
572,418,1
154,366,1
232,291,1
196,512,1
441,696,1
668,989,1
321,183,1
120,461,1
526,186,1
616,330,1
341,108,1
251,201,1
332,99,1
530,144,1
71,244,1
19,119,1
271,993,1
175,288,1
410,183,1
579,636,1
317,326,1
640,315,1
363,67,1
50,330,1
25,1149,1
310,987,1
593,183,1
317,194,1
449,278,1
69,278,1
101,461,1
616,194,1
40,296,1
50,12,1
185,328,1
564,232,1
138,380,1
639,605,1
561,48,1
97,119,1
148,83,1
523,460,1
132,1202,1
184,430,1
626,256,1
689,276,1
584,48,1
505,108,1
206,330,1
48,175,1
396,987,1
433,1184,1
537,279,1
175,430,1
141,13,1
370,43,1
631,483,1
616,49,1
93,256,1
294,394,1
671,232,1
596,421,1
229,459,1
43,421,1
588,435,1
171,435,1
278,459,1
429,335,1
275,1154,1
220,640,1
477,12,1
550,505,1
225,165,1
291,986,1
520,322,1
123,164,1
588,326,1
32,288,1
428,461,1
549,366,1
310,71,1
349,101,1
344,237,1
550,452,1
46,1178,1
393,442,1
96,243,1
268,635,1
546,317,1
580,206,1
260,67,1
227,124,1
48,83,1
292,997,1
333,89,1
659,16,1
165,360,1
48,326,1
194,98,1
437,362,1
473,188,1
593,311,1
614,459,1
634,497,1
662,322,1
126,273,1
23,6,1
291,362,1
457,459,1
340,374,1
277,164,1
46,315,1
461,10,1
183,1170,1
698,497,1
110,1168,1
581,985,1
529,45,1
507,922,1
214,242,1
368,119,1
371,326,1
697,1011,1
588,12,1
12,1167,1
101,309,1
624,194,1
340,328,1
262,400,1
506,26,1
294,98,1
271,248,1
544,366,1
429,34,1
611,424,1
594,854,1
564,278,1
78,34,1
14,269,1
292,995,1
668,1166,1
552,98,1
361,922,1
137,418,1
276,315,1
431,108,1
388,989,1
622,2,1
376,232,1
80,117,1
406,1148,1
12,1166,1
431,278,1
623,452,1
460,421,1
381,988,1
388,1169,1
436,115,1
458,461,1
4,430,1
368,140,1
368,1502,1
564,288,1
334,319,1
242,165,1
423,1169,1
86,144,1
424,362,1
99,145,1
569,583,1
560,119,1
271,26,1
588,330,1
75,185,1
110,987,1
586,330,1
175,139,1
329,435,1
144,1168,1
2,324,1
410,311,1
17,394,1
161,927,1
405,150,1
677,49,1
22,554,1
693,166,1
145,309,1
585,243,1
138,996,1
434,450,1
271,49,1
121,568,1
421,175,1
587,67,1
623,361,1
76,243,1
148,256,1
581,273,1
364,10,1
64,1174,1
266,686,1
136,328,1
616,561,1
356,518,1
243,26,1
43,987,1
658,119,1
12,987,1
22,419,1
691,278,1
87,461,1
151,493,1
330,49,1
268,113,1
477,78,1
224,67,1
329,326,1
22,260,1
631,484,1
120,26,1
20,1060,1
93,1174,1
340,435,1
637,496,1
529,256,1
185,12,1
511,175,1
175,278,1
523,273,1
618,138,1
507,924,1
8,984,1
508,617,1
532,390,1
446,1006,1
48,194,1
280,327,1
120,322,1
483,6,1
400,435,1
50,374,1
144,421,1
110,988,1
48,368,1
381,852,1
346,60,1
337,115,1
373,322,1
306,1167,1
94,857,1
120,326,1
425,243,1
319,380,1
93,358,1
316,407,1
299,494,1
310,988,1
281,516,1
101,49,1
340,194,1
668,71,1
621,49,1
116,72,1
160,49,1
668,302,1
43,1170,1
60,460,1
616,309,1
321,311,1
158,31,1
64,1173,1
68,726,1
637,113,1
286,696,1
31,401,1
289,256,1
423,71,1
299,1504,1
548,357,1
694,221,1
668,273,1
429,1006,1
22,439,1
678,435,1
365,10,1
338,423,1
295,374,1
554,94,1
339,916,1
136,407,1
341,19,1
255,286,1
178,10,1
50,256,1
43,989,1
203,1202,1
463,33,1
613,218,1
242,98,1
62,6,1
225,430,1
587,196,1
49,368,1
265,394,1
544,430,1
704,442,1
144,1169,1
398,442,1
428,165,1
571,189,1
504,513,1
16,362,1
590,361,1
330,278,1
120,435,1
140,320,1
557,73,1
243,232,1
271,288,1
140,195,1
247,150,1
691,358,1
624,256,1
54,238,1
204,150,1
50,165,1
50,326,1
631,485,1
565,261,1
637,85,1
420,340,1
48,309,1
90,243,1
179,150,1
170,164,1
24,26,1
569,394,1
143,993,1
499,993,1
493,292,1
662,49,1
655,138,1
188,1119,1
523,1170,1
654,288,1
561,669,1
388,302,1
202,358,1
377,49,1
686,430,1
172,358,1
612,570,1
156,460,1
367,472,1
564,165,1
183,1166,1
84,289,1
462,164,1
153,380,1
335,175,1
650,322,1
666,860,0
553,60,0
455,591,0
685,180,0
701,1479,0
255,957,0
413,143,0
674,1445,0
102,1482,0
269,1451,0
266,1123,0
270,241,0
98,223,0
124,1272,0
123,1136,0
172,167,0
310,1368,0
35,527,0
582,1238,0
548,970,0
219,637,0
469,322,0
329,313,0
396,1110,0
536,1096,0
491,24,0
195,799,0
59,1228,0
562,246,0
684,490,0
301,563,0
278,101,0
449,276,0
509,931,0
242,372,0
344,865,0
122,944,0
261,1390,0
114,1335,0
263,846,0
649,624,0
309,1140,0
38,1267,0
701,1472,0
34,697,0
706,1463,0
417,45,0
231,552,0
693,1213,0
362,113,0
82,761,0
213,1387,0
317,448,0
401,298,0
125,935,0
296,683,0
432,263,0
450,956,0
26,766,0
337,1299,0
128,1133,0
535,927,0
117,1281,0
30,934,0
260,23,0
117,1107,0
457,1128,0
430,1448,0
391,916,0
384,991,0
567,731,0
617,1463,0
506,739,0
632,1210,0
41,300,0
66,47,0
14,694,0
577,588,0
272,1081,0
290,1354,0
61,324,0
535,1405,0
499,1507,0
436,495,0
455,305,0
36,566,0
509,148,0
464,1385,0
585,342,0
446,1284,0
332,580,0
598,978,0
233,293,0
83,1219,0
169,893,0
404,1176,0
15,656,0
177,645,0
385,1135,0
215,1026,0
76,351,0
284,422,0
160,1226,0
682,1032,0
290,160,0
234,582,0
524,39,0
474,469,0
474,556,0
650,263,0
285,345,0
450,1017,0
521,843,0
254,1182,0
56,1181,0
7,25,0
546,316,0
309,916,0
126,525,0
482,823,0
630,1315,0
542,1087,0
107,1479,0
453,1380,0
356,159,0
10,1040,0
1,582,0
493,1217,0
588,136,0
374,1435,0
229,261,0
666,718,0
381,1461,0
71,949,0
97,723,0
494,936,0
30,1507,0
629,1173,0
83,804,0
485,300,0
52,746,0
165,229,0
683,1414,0
240,46,0
153,509,0
263,926,0
336,1259,0
394,33,0
421,236,0
402,1200,0
293,1194,0
418,512,0
180,232,0
505,668,0
663,944,0
546,129,0
686,337,0
531,189,0
138,479,0
561,228,0
384,992,0
107,298,0
691,910,0
156,944,0
321,1455,0
322,87,0
243,229,0
483,911,0
460,428,0
325,341,0
602,1172,0
675,1434,0
371,624,0
444,117,0
104,282,0
162,894,0
592,846,0
275,1200,0
262,1326,0
554,1324,0
186,1011,0
95,196,0
587,72,0
240,923,0
607,578,0
89,242,0
457,1193,0
374,245,0
688,416,0
439,1052,0
671,281,0
449,967,0
127,30,0
381,1136,0
246,351,0
259,1224,0
683,1092,0
467,150,0
220,1350,0
306,90,0
289,390,0
209,386,0
122,1351,0
116,1086,0
455,834,0
703,1132,0
651,1014,0
267,978,0
648,53,0
629,1123,0
372,1048,0
252,299,0
183,991,0
574,1323,0
403,997,0
636,1090,0
447,719,0
134,645,0
591,117,0
700,117,0
32,1037,0
603,1131,0
225,206,0
415,1033,0
330,315,0
591,770,0
601,46,0
93,134,0
561,1475,0
135,535,0
676,949,0
368,1412,0
458,1024,0
654,1429,0
476,11,0
5,428,0
547,1230,0
344,1310,0
443,701,0
46,721,0
514,395,0
521,1101,0
287,198,0
158,1101,0
223,570,0
462,715,0
270,490,0
605,54,0
529,1292,0
546,719,0
21,1504,0
128,1267,0
313,1183,0
591,766,0
119,876,0
347,758,0
505,7,0
39,683,0
115,643,0
15,142,0
296,190,0
112,288,0
90,252,0
607,214,0
541,951,0
134,608,0
289,1214,0
428,335,0
524,61,0
461,920,0
312,1002,0
41,1363,0
367,978,0
598,1134,0
580,172,0
650,876,0
698,555,0
439,627,0
349,866,0
231,972,0
363,694,0
463,1018,0
147,1452,0
108,914,0
485,703,0
320,226,0
135,1189,0
42,1102,0
118,1227,0
544,1312,0
566,1402,0
633,1124,0
687,166,0
477,147,0
473,1318,0
373,1056,0
404,837,0
49,12,0
19,509,0
704,1369,0
46,1447,0
67,1507,0
233,232,0
621,1478,0
70,536,0
178,750,0
223,814,0
292,381,0
478,99,0
59,1225,0
344,900,0
154,895,0
244,465,0
555,96,0
543,1278,0
540,264,0
619,1298,0
556,1470,0
146,490,0
168,591,0
651,1405,0
478,196,0
687,566,0
148,674,0
707,369,0
183,211,0
545,1406,0
628,77,0
683,1030,0
511,958,0
36,861,0
397,72,0
212,140,0
590,564,0
259,2,0
212,569,0
216,1505,0
645,561,0
530,557,0
457,1177,0
598,23,0
360,13,0
311,1178,0
535,605,0
71,2,0
116,486,0
565,1392,0
509,65,0
577,875,0
482,403,0
170,155,0
194,1348,0
581,921,0
559,14,0
53,321,0
489,53,0
361,511,0
334,397,0
577,313,0
574,296,0
83,155,0
22,492,0
255,178,0
521,784,0
101,1423,0
595,762,0
161,1233,0
700,308,0
383,1235,0
11,955,0
181,557,0
323,1341,0
184,987,0
674,62,0
194,880,0
349,846,0
8,626,0
224,698,0
397,155,0
202,260,0
73,226,0
180,1147,0
147,433,0
683,712,0
