15 1630
433 1630
588 1082
694 1038
125 964
85 1201
190 858
444 902
595 1428
455 1082
474 954
203 781
582 1134
389 2083
564 768
329 964
678 964
97 1282
575 756
532 1281
165 893
451 1070
110 779
327 718
616 1076
580 1070
573 1450
181 1138
58 720
367 1183
329 872
130 757
433 1894
561 1389
316 964
138 1701
175 1882
520 734
306 1696
671 734
302 720
322 1150
587 1167
48 1082
694 996
251 858
455 971
588 1017
695 828
95 1167
332 883
292 1701
97 718
6 832
444 1034
637 726
579 1253
580 986
2 878
680 1473
312 872
623 998
650 1131
528 1910
255 1097
143 1702
537 742
0 783
42 911
60 905
120 847
325 1150
101 1143
120 929
168 1257
25 810
272 1143
569 996
496 961
264 951
225 996
97 858
14 972
292 911
683 772
252 996
499 1859
299 2216
631 715
90 1066
225 1030
62 843
125 1066
264 1066
422 1167
624 1017
219 816
16 951
433 1895
626 931
630 1268
454 1082
138 1705
539 1910
661 1349
93 1030
545 973
275 1297
183 1697
675 797
15 986
165 894
672 1874
433 1891
101 1269
407 768
58 1143
588 1115
548 987
469 810
523 1875
268 966
373 757
573 1168
185 1143
148 931
138 1702
495 827
7 1167
58 1034
275 1156
49 931
569 757
93 873
83 1110
361 852
623 1168
495 848
381 1697
226 1491
431 1030
12 981
546 2089
428 1150
31 822
374 1254
24 757
293 781
550 1706
140 1088
123 806
120 1087
160 964
564 902
546 756
228 872
206 948
597 902
597 1034
58 872
616 1115
138 1910
183 1876
573 1333
354 1289
441 1858
130 847
151 1180
60 891
211 832
627 1632
148 1017
595 1165
122 775
27 897
663 1167
374 1404
154 986
396 1168
122 781
110 1697
696 951
597 1036
217 1148
442 951
201 757
570 1074
575 996
356 1880
144 1875
692 766
654 986
539 1217
573 946
10 1131
616 872
631 1231
335 1131
109 1115
588 1169
48 1169
523 1010
299 954
46 1887
8 829
454 1169
631 958
175 1030
85 1183
374 1378
496 1350
367 1010
368 718
671 1030
486 950
261 1316
271 1706
120 964
380 718
43 1877
144 1874
31 790
581 1180
50 1076
661 781
279 714
279 1254
433 1560
463 827
251 848
183 1696
496 848
621 753
388 1878
444 996
93 734
543 1138
340 1038
569 1030
12 1697
469 1065
93 1236
68 1220
668 1876
431 807
41 1160
126 1168
569 1138
31 1085
694 1102
658 1316
393 949
478 1624
672 779
314 1134
151 1010
190 1446
397 954
64 757
363 1165
110 981
264 1150
65 1148
32 1036
396 1696
316 986
431 1074
329 873
345 816
238 1869
295 873
389 1087
289 1017
669 772
375 1091
388 1695
333 1847
332 1131
152 980
411 718
468 1364
151 1168
14 1698
607 1876
632 863
564 757
361 1632
292 816
610 756
348 816
110 1010
148 873
71 1167
694 1034
521 806
369 741
561 1102
299 1872
64 734
63 736
398 1066
271 847
588 996
83 796
425 1150
392 734
195 1143
126 1010
14 1699
622 1167
658 747
650 734
498 1030
597 1082
332 1070
164 897
436 827
573 1870
47 816
477 929
52 816
76 1150
144 981
567 996
626 1017
24 1030
595 1381
35 1076
381 1562
228 1138
476 757
11 734
185 996
374 810
66 1156
694 902
561 996
579 1354
661 1028
616 1034
541 1038
65 807
306 1695
419 1027
607 1875
316 1169
448 1143
395 1102
148 720
530 829
101 1038
622 952
46 894
148 902
128 1316
310 1875
34 1138
676 1027
672 1878
87 971
677 1143
461 858
245 1034
433 984
392 1030
538 1035
101 791
478 954
370 1085
631 966
9 772
506 757
148 1143
581 1201
141 821
261 718
496 1423
526 1774
567 1074
176 878
316 1082
477 1038
268 1382
299 1871
388 1876
