393 951
668 1696
431 1138
420 1447
443 964
686 986
662 734
120 792
257 1102
509 858
599 1102
15 1138
41 1025
156 1010
343 1074
446 915
669 1630
455 1169
298 926
393 1066
624 791
550 956
271 1030
308 1134
392 847
628 846
406 810
309 1167
23 1132
616 1030
433 891
506 1030
442 1150
523 1695
289 872
314 1737
473 1003
236 733
170 1624
603 1102
524 847
396 1874
325 1066
316 996
504 1356
552 756
120 1269
346 996
121 1322
523 1697
607 779
415 741
678 720
357 1624
520 757
20 1246
544 986
499 1706
616 1036
340 873
93 940
564 1034
575 1115
377 1131
382 1891
638 1693
176 822
477 1143
669 1074
637 721
389 1143
93 1881
524 757
271 1115
13 806
221 1362
339 954
340 872
322 1066
368 727
521 1718
183 779
324 996
85 1168
185 873
204 718
644 950
561 806
437 1143
191 902
374 987
93 1115
228 986
346 872
574 1074
10 1202
175 734
85 1693
170 1102
514 1167
176 945
694 1143
444 1102
202 951
199 1565
206 1143
631 821
659 789
302 996
332 1074
526 1023
597 1143
382 1222
324 1036
0 820
329 1169
143 956
569 986
396 1877
580 933
433 1561
299 2213
183 1010
133 1648
597 931
131 883
529 931
549 1138
299 1693
123 1034
346 964
579 1332
172 914
672 1010
597 791
225 734
292 1704
306 1876
388 1874
285 893
225 847
133 956
148 872
148 1038
16 734
48 929
502 1344
691 951
2 1161
366 832
391 1028
259 1696
429 1054
61 1134
542 893
238 1870
101 872
564 1017
85 1180
58 873
550 1701
35 971
524 1030
83 956
255 1141
242 1321
700 736
567 1017
110 1875
546 710
183 1875
329 1082
92 1082
509 1137
268 1203
379 1150
616 1082
22 889
579 955
428 883
23 987
388 1696
174 756
325 951
19 1911
496 1318
43 1875
495 718
172 967
49 1017
244 858
546 946
616 940
101 940
351 766
442 1066
281 893
388 779
352 1383
96 1150
367 981
58 791
451 948
524 734
696 1066
191 1034
358 1134
294 996
472 757
597 1076
316 1143
144 1010
276 894
26 1402
48 996
50 929
262 1626
573 1070
506 847
111 1072
606 1102
601 1168
140 775
135 814
146 1131
175 757
668 1878
514 2211
588 964
306 1878
300 775
38 1110
395 806
669 1034
361 1313
291 1178
57 1102
624 872
624 720
532 1889
115 1566
15 1074
303 816
364 858
374 714
82 751
672 1168
82 1109
41 1168
569 940
82 945
433 1213
225 940
170 996
491 718
574 883
306 1877
120 902
566 757
537 1473
330 940
508 1904
499 1213
86 1223
255 993
22 1157
12 1129
226 789
567 964
481 750
367 1201
244 718
2 1238
616 1169
607 1878
43 1874
596 1010
696 1150
112 1167
295 971
631 1194
257 806
553 891
160 1030
534 1030
330 734
694 964
292 1110
573 1365
616 1143
607 1695
454 873
286 1254
154 1138
151 981
428 753
123 902
616 883
273 781
201 940
12 1876
271 949
703 872
144 1878
279 843
70 1054
423 1696
631 1195
172 933
536 831
585 1280
213 1102
120 1017
48 964
624 847
638 1872
138 956
475 1102
309 1088
280 1345
201 847
448 964
425 1066
433 816
255 908
624 1269
69 1138
93 1160
265 806
460 1168
14 1700
439 1082
694 872
597 720
372 1150
85 981
220 858
299 1201
340 996
450 1102
554 823
652 1185
130 940
362 757
291 1445
567 873
125 883
637 1203
93 847
316 872
252 756
88 718
306 779
586 1143
616 734
299 1873
62 1254
306 1697
504 1909
702 781
144 1695
312 996
423 1697
184 1074
268 1730
485 1082
329 902
408 1103
597 929
522 823
561 802
671 757
286 714
552 1213
210 1481
469 1639
574 807
48 757
270 781
123 996
144 1168
431 757
588 931
607 1874
74 1034
