393,243,1
432,88,1
58,309,1
120,164,1
668,988,1
292,48,1
423,1166,1
175,407,1
431,430,1
584,108,1
101,256,1
240,108,1
420,739,1
330,322,1
401,408,1
182,460,1
443,256,1
48,561,1
537,271,1
499,241,1
686,278,1
626,466,1
128,271,1
292,940,1
662,26,1
58,223,1
310,1168,1
672,1167,1
120,84,1
340,12,1
384,78,1
569,26,1
257,394,1
694,561,1
228,12,1
153,73,1
509,150,1
120,374,1
627,922,1
423,1167,1
599,394,1
43,460,1
35,461,1
694,368,1
15,430,1
197,124,1
133,994,1
101,326,1
41,317,1
287,442,1
189,457,1
268,689,1
156,302,1
625,39,1
537,696,1
573,317,1
343,366,1
217,570,1
58,194,1
426,142,1
446,207,1
516,150,1
123,613,1
651,124,1
669,922,1
40,327,1
135,285,1
30,58,1
455,461,1
174,407,1
123,328,1
382,311,1
298,218,1
382,183,1
595,67,1
16,430,1
393,358,1
93,288,1
565,527,1
46,1180,1
624,83,1
50,461,1
356,665,1
138,998,1
550,248,1
645,550,1
465,164,1
603,98,1
271,322,1
564,164,1
672,987,1
572,418,1
308,426,1
624,232,1
68,482,1
154,366,1
392,139,1
423,987,1
116,546,1
232,291,1
628,138,1
433,1188,1
433,311,1
196,512,1
406,102,1
597,165,1
194,394,1
441,696,1
309,459,1
135,286,1
682,73,1
668,989,1
23,424,1
524,232,1
523,988,1
321,183,1
616,322,1
210,778,1
668,1167,1
120,461,1
433,183,1
573,627,1
643,108,1
526,186,1
506,322,1
302,48,1
371,83,1
616,330,1
442,442,1
685,98,1
12,1169,1
341,108,1
523,987,1
281,189,1
423,421,1
251,201,1
289,164,1
462,288,1
92,461,1
332,99,1
314,1029,1
3,327,1
371,12,1
530,144,1
473,295,1
347,241,1
311,591,1
71,244,1
236,25,1
613,435,1
251,814,1
19,119,1
170,916,1
252,328,1
553,242,1
271,993,1
603,394,1
93,635,1
617,423,1
175,288,1
524,139,1
396,1168,1
43,1168,1
410,183,1
396,1166,1
289,288,1
35,223,1
579,636,1
325,358,1
516,10,1
183,987,1
317,326,1
316,288,1
624,328,1
145,435,1
640,315,1
504,648,1
120,288,1
251,10,1
363,67,1
552,48,1
597,164,1
599,98,1
50,330,1
120,561,1
77,99,1
60,311,1
25,1149,1
346,288,1
202,442,1
511,240,1
310,987,1
121,614,1
110,1169,1
100,442,1
593,183,1
523,989,1
626,278,1
677,165,1
317,194,1
607,71,1
588,165,1
641,98,1
449,278,1
415,33,1
213,98,1
46,1176,1
69,278,1
678,12,1
31,237,1
694,165,1
101,461,1
357,916,1
16,309,1
88,150,1
616,194,1
520,49,1
242,394,1
93,243,1
40,296,1
20,538,1
444,241,1
144,71,1
50,12,1
544,278,1
617,26,1
87,374,1
185,328,1
499,998,1
694,60,1
89,440,1
564,232,1
616,328,1
272,12,1
315,289,1
138,380,1
340,165,1
83,48,1
130,322,1
639,605,1
93,232,1
616,12,1
654,246,1
561,48,1
564,326,1
423,460,1
343,328,1
97,119,1
575,407,1
680,279,1
694,223,1
148,83,1
377,423,1
110,1166,1
48,26,1
523,460,1
382,1183,1
294,407,1
624,368,1
132,1202,1
638,985,1
365,150,1
164,185,1
184,430,1
176,114,1
389,288,1
433,1185,1
626,256,1
477,435,1
306,273,1
310,1169,1
689,276,1
669,366,1
108,278,1
398,243,1
584,48,1
637,13,1
12,460,1
128,58,1
505,108,1
389,435,1
329,223,1
251,528,1
206,330,1
93,1173,1
97,814,1
523,1168,1
48,175,1
524,49,1
396,1170,1
290,423,1
396,987,1
271,407,1
553,317,1
575,328,1
433,1184,1
13,98,1
690,737,1
567,328,1
537,279,1
221,654,1
580,310,1
35,374,1
175,430,1
339,246,1
69,366,1
541,241,1
141,13,1
340,164,1
359,108,1
466,175,1
370,43,1
322,358,1
543,366,1
72,278,1
631,483,1
368,19,1
103,1011,1
483,940,1
616,49,1
521,1010,1
335,322,1
458,165,1
93,256,1
183,71,1
486,317,1
261,428,1
294,394,1
324,288,1
17,98,1
499,621,1
671,232,1
85,460,1
553,402,1
188,1138,1
596,421,1
185,165,1
528,497,1
559,459,1
229,459,1
204,10,1
145,256,1
299,1506,1
43,421,1
644,242,1
617,916,1
458,98,1
588,435,1
561,98,1
50,164,1
111,10,1
171,435,1
437,435,1
606,98,1
135,14,1
278,459,1
191,194,1
292,248,1
291,584,1
429,335,1
374,279,1
347,361,1
271,232,1
275,1154,1
93,407,1
38,115,1
74,460,1
220,640,1
228,278,1
10,1164,1
61,48,1
477,12,1
346,164,1
597,407,1
171,288,1
550,505,1
574,366,1
250,60,1
206,12,1
225,165,1
10,494,1
176,82,1
234,852,1
291,986,1
175,26,1
25,1148,1
524,288,1
520,322,1
85,985,1
624,288,1
184,278,1
123,164,1
170,394,1
684,786,1
677,256,1
588,326,1
514,459,1
329,379,1
15,924,1
32,288,1
176,237,1
96,358,1
432,48,1
428,461,1
694,435,1
286,279,1
394,364,1
549,366,1
444,394,1
573,290,1
347,452,1
310,71,1
202,243,1
356,727,1
521,613,1
349,101,1
199,857,1
669,194,1
618,16,1
344,237,1
206,435,1
9,366,1
454,263,1
550,452,1
631,113,1
239,189,1
301,33,1
46,1178,1
659,81,1
579,851,1
62,696,1
393,442,1
302,288,1
31,43,1
283,136,1
96,243,1
332,366,1
624,49,1
389,621,1
268,635,1
526,315,1
316,328,1
607,988,1
546,317,1
597,435,1
393,563,1
146,49,1
580,206,1
382,514,1
41,290,1
383,102,1
260,67,1
324,328,1
272,241,1
19,744,1
227,124,1
0,112,1
225,278,1
581,460,1
48,83,1
329,461,1
315,183,1
704,358,1
292,997,1
143,248,1
48,435,1
694,461,1
333,89,1
569,278,1
26,48,1
477,366,1
659,16,1
396,1169,1
133,993,1
93,430,1
165,360,1
580,225,1
449,366,1
123,394,1
48,326,1
433,853,1
93,1175,1
340,221,1
194,98,1
299,1505,1
637,258,1
245,164,1
437,362,1
183,302,1
201,322,1
101,139,1
473,188,1
133,940,1
522,119,1
346,368,1
593,311,1
597,223,1
148,221,1
160,309,1
614,459,1
131,175,1
413,166,1
233,10,1
634,497,1
529,223,1
656,418,1
16,358,1
662,322,1
549,430,1
330,256,1
330,430,1
126,273,1
299,985,1
125,164,1
420,289,1
23,6,1
123,326,1
100,362,1
441,279,1
291,362,1
346,256,1
289,165,1
64,108,1
457,459,1
579,624,1
311,124,1
176,43,1
340,374,1
172,206,1
255,106,1
310,1166,1
277,164,1
672,302,1
148,374,1
101,26,1
46,315,1
597,83,1
148,326,1
413,95,1
461,10,1
225,26,1
564,256,1
347,460,1
183,1170,1
292,996,1
624,330,1
115,1145,1
698,497,1
306,1168,1
607,1169,1
76,358,1
110,1168,1
388,1166,1
523,421,1
251,1015,1
581,985,1
285,185,1
310,989,1
180,140,1
529,45,1
225,139,1
175,1173,1
404,459,1
507,922,1
133,248,1
607,302,1
370,114,1
214,242,1
148,164,1
367,460,1
405,10,1
368,119,1
148,330,1
189,67,1
261,150,1
371,326,1
16,26,1
87,165,1
254,276,1
697,1011,1
48,221,1
587,73,1
121,859,1
588,12,1
502,636,1
322,243,1
430,141,1
12,1167,1
691,243,1
306,460,1
356,745,1
101,309,1
2,453,1
655,922,1
680,696,1
624,194,1
366,124,1
600,426,1
64,322,1
340,328,1
391,320,1
590,460,1
151,475,1
262,400,1
259,988,1
101,12,1
188,150,1
506,26,1
429,346,1
370,82,1
283,417,1
294,98,1
61,426,1
652,707,1
459,99,1
271,248,1
542,185,1
344,10,1
344,150,1
544,366,1
238,1162,1
561,588,1
183,273,1
429,34,1
101,164,1
266,717,1
607,460,1
611,424,1
564,309,1
12,71,1
546,1382,1
594,854,1
85,472,1
400,12,1
423,1170,1
564,278,1
58,165,1
302,435,1
228,49,1
78,34,1
550,993,1
243,139,1
148,461,1
14,269,1
35,263,1
432,108,1
424,127,1
292,995,1
524,322,1
147,119,1
255,526,1
668,1166,1
83,248,1
136,288,1
23,546,1
552,98,1
255,433,1
158,987,1
292,430,1
361,922,1
242,613,1
306,1166,1
444,164,1
137,418,1
700,28,1
294,326,1
499,380,1
276,315,1
567,309,1
686,206,1
393,203,1
431,108,1
110,1167,1
433,854,1
297,115,1
388,989,1
546,2,1
495,150,1
101,194,1
622,2,1
183,1167,1
112,320,1
424,427,1
376,232,1
329,374,1
257,328,1
50,435,1
80,117,1
92,374,1
580,99,1
183,460,1
406,1148,1
509,429,1
65,108,1
72,430,1
12,1166,1
268,495,1
48,330,1
616,83,1
431,278,1
379,442,1
546,151,1
120,12,1
623,452,1
616,374,1
120,330,1
624,374,1
460,421,1
22,181,1
617,322,1
412,394,1
381,988,1
579,247,1
355,291,1
144,989,1
388,1169,1
428,175,1
624,435,1
502,33,1
436,115,1
23,279,1
101,374,1
567,430,1
458,461,1
388,988,1
46,1177,1
36,426,1
4,430,1
174,48,1
486,183,1
5,33,1
368,140,1
325,243,1
292,998,1
271,1151,1
368,1502,1
19,1203,1
93,278,1
378,261,1
564,288,1
496,610,1
120,175,1
340,326,1
334,319,1
43,1167,1
671,139,1
125,309,1
242,165,1
495,10,1
588,164,1
592,98,1
423,1169,1
172,259,1
48,12,1
388,421,1
86,144,1
49,309,1
299,916,1
68,1055,1
424,362,1
244,150,1
58,221,1
302,256,1
99,145,1
546,238,1
609,858,1
146,322,1
569,583,1
616,232,1
570,1164,1
660,246,1
560,119,1
101,232,1
597,330,1
597,288,1
271,26,1
351,58,1
134,246,1
685,394,1
588,330,1
442,358,1
497,164,1
62,102,1
75,185,1
281,185,1
691,430,1
477,83,1
110,987,1
388,71,1
480,150,1
592,394,1
586,330,1
352,675,1
141,208,1
50,309,1
175,139,1
96,442,1
396,302,1
141,359,1
329,435,1
367,273,1
601,1166,1
564,407,1
144,1168,1
58,83,1
392,49,1
143,998,1
2,324,1
451,240,1
101,328,1
388,460,1
410,311,1
524,26,1
616,288,1
310,1170,1
17,394,1
696,358,1
245,194,1
121,312,1
161,927,1
191,326,1
299,423,1
101,288,1
405,150,1
358,426,1
503,581,1
564,328,1
677,49,1
294,288,1
141,85,1
100,243,1
22,554,1
472,49,1
2,146,1
553,418,1
693,166,1
597,368,1
329,12,1
537,663,1
145,309,1
316,435,1
43,273,1
423,1168,1
585,243,1
144,302,1
550,241,1
379,243,1
138,996,1
276,186,1
193,32,1
179,10,1
434,450,1
26,694,1
573,1161,1
621,435,1
271,49,1
48,288,1
549,278,1
396,1167,1
121,568,1
50,221,1
564,26,1
167,426,1
421,175,1
262,918,1
541,48,1
486,817,1
587,67,1
573,362,1
252,407,1
329,309,1
623,361,1
506,139,1
230,143,1
12,988,1
76,243,1
111,364,1
49,256,1
469,696,1
148,256,1
606,394,1
616,221,1
521,1009,1
581,273,1
601,460,1
35,165,1
376,322,1
364,10,1
140,67,1
175,232,1
661,67,1
64,1174,1
135,106,1
178,150,1
564,322,1
266,686,1
146,423,1
528,327,1
564,223,1
136,328,1
175,49,1
299,1507,1
384,74,1
616,561,1
668,1170,1
420,160,1
492,417,1
356,518,1
514,1503,1
233,150,1
668,1169,1
243,26,1
588,256,1
292,276,1
269,459,1
43,987,1
306,1170,1
521,569,1
368,709,1
658,119,1
300,67,1
491,150,1
12,1170,1
12,987,1
38,402,1
10,1165,1
253,459,1
22,419,1
395,98,1
615,6,1
396,989,1
691,278,1
669,326,1
669,924,1
406,1149,1
87,461,1
361,605,1
397,256,1
376,49,1
151,493,1
291,470,1
109,328,1
536,1041,1
330,49,1
57,394,1
287,358,1
329,83,1
268,113,1
624,164,1
19,134,1
287,90,1
477,78,1
624,12,1
597,256,1
58,256,1
224,67,1
532,1181,1
288,346,1
16,442,1
329,326,1
115,858,1
378,149,1
564,435,1
22,260,1
15,366,1
324,407,1
93,49,1
631,484,1
303,108,1
120,368,1
521,545,1
120,26,1
364,150,1
275,1153,1
458,394,1
20,1060,1
374,6,1
306,302,1
12,302,1
93,1174,1
82,43,1
363,570,1
424,460,1
340,435,1
672,460,1
509,400,1
43,71,1
637,496,1
82,401,1
228,288,1
667,400,1
529,256,1
41,460,1
85,302,1
133,998,1
185,12,1
569,232,1
43,302,1
46,1038,1
511,175,1
82,237,1
471,426,1
275,1155,1
175,278,1
433,505,1
566,322,1
694,98,1
523,273,1
225,232,1
423,302,1
401,1150,1
618,138,1
170,288,1
302,328,1
485,461,1
507,924,1
491,10,1
672,1168,1
236,300,1
8,984,1
574,175,1
391,459,1
588,194,1
508,617,1
306,1169,1
92,223,1
242,461,1
532,390,1
120,194,1
90,442,1
193,51,1
446,1006,1
566,49,1
110,460,1
295,461,1
48,194,1
537,765,1
127,98,1
433,1034,1
280,327,1
330,232,1
268,496,1
50,223,1
120,322,1
508,1196,1
16,278,1
10,493,1
483,6,1
499,505,1
540,327,1
669,430,1
400,435,1
86,515,1
569,98,1
569,256,1
50,374,1
255,285,1
661,112,1
57,98,1
144,421,1
22,449,1
423,273,1
521,394,1
110,988,1
12,421,1
286,765,1
376,26,1
48,368,1
226,81,1
616,139,1
122,320,1
381,852,1
567,256,1
505,524,1
123,407,1
346,60,1
481,42,1
445,60,1
292,994,1
337,115,1
367,493,1
581,475,1
329,330,1
373,322,1
244,10,1
570,278,1
103,395,1
306,1167,1
2,530,1
159,435,1
58,374,1
94,857,1
616,461,1
588,221,1
43,988,1
120,326,1
607,1170,1
524,241,1
49,165,1
425,243,1
43,1166,1
175,256,1
2,318,1
319,380,1
596,302,1
588,83,1
196,482,1
93,358,1
696,442,1
624,461,1
668,460,1
316,407,1
112,459,1
499,248,1
110,1170,1
299,494,1
295,263,1
330,139,1
228,435,1
310,988,1
631,486,1
102,98,1
48,322,1
281,516,1
257,98,1
120,232,1
185,256,1
101,49,1
553,183,1
222,426,1
594,108,1
340,194,1
160,322,1
573,310,1
271,328,1
668,71,1
534,322,1
251,854,1
585,442,1
621,49,1
330,26,1
50,83,1
607,989,1
116,72,1
694,256,1
268,7,1
92,164,1
160,49,1
292,402,1
523,1166,1
262,722,1
668,302,1
573,657,1
694,309,1
396,71,1
43,1170,1
616,435,1
174,288,1
120,328,1
60,460,1
607,987,1
638,493,1
160,26,1
616,309,1
454,165,1
694,12,1
529,309,1
321,311,1
286,546,1
652,647,1
396,273,1
158,31,1
154,430,1
41,361,1
669,278,1
64,1173,1
151,273,1
691,175,1
329,221,1
68,726,1
428,45,1
596,460,1
486,311,1
637,113,1
123,194,1
172,240,1
101,368,1
286,696,1
616,175,1
672,989,1
567,164,1
31,401,1
273,73,1
108,430,1
541,435,1
289,256,1
201,232,1
400,241,1
424,266,1
423,71,1
12,1168,1
38,364,1
118,81,1
299,1504,1
271,241,1
120,49,1
300,457,1
548,357,1
703,164,1
176,401,1
511,362,1
694,221,1
144,1170,1
550,994,1
534,26,1
668,273,1
279,135,1
141,21,1
624,221,1
429,1006,1
70,346,1
486,1034,1
225,256,1
22,439,1
423,988,1
672,273,1
641,394,1
678,435,1
631,487,1
409,108,1
109,288,1
365,10,1
172,225,1
191,164,1
496,94,1
338,423,1
536,123,1
50,194,1
130,26,1
295,374,1
585,572,1
289,430,1
310,273,1
554,94,1
213,394,1
132,108,1
260,320,1
339,916,1
120,309,1
163,327,1
703,288,1
136,407,1
48,256,1
707,327,1
624,326,1
341,19,1
624,139,1
535,99,1
48,139,1
255,286,1
638,1164,1
183,1169,1
340,309,1
178,10,1
138,248,1
411,150,1
523,1169,1
50,256,1
475,394,1
534,49,1
590,290,1
43,989,1
309,380,1
380,150,1
261,646,1
203,1202,1
280,637,1
693,95,1
508,39,1
463,33,1
201,139,1
491,1146,1
243,322,1
613,218,1
448,256,1
500,413,1
141,258,1
242,98,1
425,358,1
427,418,1
48,165,1
62,6,1
433,108,1
602,1299,1
101,322,1
225,430,1
255,200,1
633,459,1
667,279,1
587,196,1
624,561,1
624,165,1
243,49,1
49,368,1
69,430,1
675,722,1
616,256,1
265,394,1
93,452,1
138,995,1
309,73,1
544,430,1
265,98,1
121,860,1
28,64,1
704,442,1
460,460,1
567,278,1
624,26,1
144,1169,1
14,992,1
281,752,1
350,175,1
398,442,1
439,374,1
597,309,1
294,328,1
428,165,1
694,164,1
340,256,1
590,452,1
571,189,1
597,12,1
40,1000,1
418,124,1
504,513,1
372,442,1
484,426,1
257,288,1
16,362,1
85,273,1
668,987,1
379,358,1
590,361,1
220,150,1
174,328,1
145,12,1
330,278,1
299,493,1
19,856,1
127,394,1
120,435,1
340,288,1
499,994,1
310,460,1
140,320,1
450,394,1
225,407,1
581,302,1
557,73,1
554,115,1
494,459,1
120,165,1
243,232,1
652,477,1
488,186,1
10,1163,1
271,288,1
130,232,1
499,1152,1
58,461,1
140,195,1
362,49,1
574,362,1
317,164,1
247,150,1
291,737,1
597,461,1
439,461,1
691,358,1
567,165,1
371,164,1
151,985,1
624,256,1
125,175,1
585,358,1
101,175,1
54,238,1
637,495,1
622,40,1
195,165,1
204,150,1
93,139,1
206,256,1
10,985,1
50,165,1
316,164,1
368,150,1
585,67,1
50,326,1
252,48,1
433,924,1
144,988,1
631,485,1
88,10,1
201,26,1
628,16,1
565,261,1
306,71,1
672,988,1
506,232,1
637,85,1
586,435,1
194,48,1
433,817,1
420,340,1
616,26,1
564,139,1
624,322,1
48,309,1
299,1165,1
93,164,1
367,985,1
90,243,1
62,546,1
569,139,1
637,208,1
179,150,1
306,989,1
579,709,1
576,426,1
170,164,1
504,1201,1
389,241,1
255,14,1
24,26,1
702,73,1
48,232,1
672,1169,1
569,394,1
144,987,1
176,377,1
654,64,1
143,993,1
312,288,1
652,592,1
523,71,1
499,993,1
423,989,1
626,430,1
327,150,1
493,292,1
184,366,1
509,661,1
78,99,1
662,49,1
268,1022,1
613,362,1
669,164,1
655,138,1
485,374,1
225,49,1
427,289,1
188,1119,1
329,194,1
48,328,1
518,426,1
523,1170,1
408,395,1
349,62,1
624,175,1
654,288,1
597,221,1
616,165,1
480,10,1
561,669,1
522,115,1
11,49,1
58,330,1
388,302,1
561,94,1
489,858,1
310,302,1
202,358,1
671,49,1
371,194,1
588,328,1
377,49,1
286,6,1
337,119,1
158,427,1
686,430,1
552,505,1
524,256,1
388,1167,1
172,358,1
210,773,1
134,916,1
205,60,1
612,570,1
469,931,1
62,279,1
101,165,1
156,460,1
574,99,1
294,164,1
101,221,1
367,472,1
48,49,1
392,232,1
691,442,1
564,165,1
270,73,1
349,422,1
441,765,1
183,1166,1
123,288,1
228,460,1
564,430,1
84,289,1
144,460,1
317,1160,1
114,317,1
462,164,1
431,49,1
479,858,1
524,435,1
153,380,1
588,223,1
46,142,1
48,164,1
335,175,1
607,1166,1
255,201,1
316,326,1
650,322,1
74,326,1
375,280,1
135,539,0
183,218,0
4,1485,0
666,860,0
155,348,0
241,421,0
220,1088,0
553,60,0
578,1001,0
502,476,0
397,1455,0
455,591,0
605,841,0
268,1480,0
497,428,0
685,180,0
34,687,0
437,848,0
612,697,0
701,1479,0
613,1088,0
539,1364,0
305,608,0
255,957,0
135,55,0
447,865,0
150,1441,0
413,143,0
447,276,0
168,1248,0
93,1160,0
674,1445,0
410,35,0
408,13,0
243,308,0
102,1482,0
1,216,0
245,989,0
160,159,0
269,1451,0
580,733,0
207,1240,0
218,460,0
266,1123,0
440,43,0
245,1444,0
192,1213,0
270,241,0
63,517,0
409,72,0
324,1000,0
98,223,0
192,46,0
588,128,0
688,311,0
124,1272,0
188,1452,0
648,135,0
441,558,0
123,1136,0
284,1385,0
200,689,0
561,1313,0
172,167,0
633,1114,0
46,954,0
706,182,0
310,1368,0
528,1161,0
30,1154,0
191,513,0
35,527,0
463,1440,0
444,1278,0
194,1289,0
582,1238,0
397,1331,0
135,1438,0
505,1379,0
548,970,0
493,14,0
578,506,0
392,442,0
219,637,0
100,1252,0
334,628,0
379,766,0
469,322,0
88,842,0
607,161,0
26,1070,0
329,313,0
369,1424,0
3,910,0
516,709,0
396,1110,0
562,629,0
119,588,0
313,759,0
536,1096,0
435,1426,0
656,1245,0
653,823,0
491,24,0
471,570,0
404,8,0
601,306,0
195,799,0
3,994,0
293,1351,0
165,544,0
59,1228,0
337,184,0
453,342,0
199,953,0
562,246,0
131,1172,0
653,513,0
477,626,0
684,490,0
668,70,0
658,713,0
166,761,0
301,563,0
51,177,0
461,1383,0
217,578,0
278,101,0
681,176,0
353,1107,0
526,1089,0
449,276,0
281,923,0
695,968,0
584,956,0
509,931,0
223,399,0
187,1278,0
179,649,0
242,372,0
390,1052,0
463,177,0
690,33,0
344,865,0
585,307,0
667,880,0
89,622,0
122,944,0
244,855,0
64,538,0
385,923,0
261,1390,0
513,916,0
177,787,0
95,881,0
114,1335,0
164,1201,0
379,1052,0
573,1496,0
263,846,0
80,461,0
531,1335,0
96,1026,0
649,624,0
50,1454,0
539,378,0
650,1385,0
309,1140,0
657,1100,0
117,1233,0
337,399,0
38,1267,0
670,1056,0
575,348,0
521,1447,0
701,1472,0
372,99,0
285,567,0
50,35,0
34,697,0
25,440,0
193,1447,0
115,912,0
706,1463,0
348,682,0
602,1232,0
601,442,0
417,45,0
42,707,0
137,23,0
332,474,0
231,552,0
494,251,0
543,580,0
400,114,0
693,1213,0
299,1274,0
13,1077,0
694,1133,0
362,113,0
650,338,0
327,460,0
332,741,0
82,761,0
104,254,0
634,761,0
574,1182,0
213,1387,0
117,988,0
190,1332,0
541,989,0
317,448,0
270,124,0
541,671,0
283,423,0
401,298,0
79,144,0
323,1483,0
185,845,0
125,935,0
436,1172,0
382,764,0
168,659,0
296,683,0
463,114,0
356,1476,0
73,28,0
432,263,0
291,210,0
493,1458,0
550,92,0
450,956,0
269,1114,0
176,924,0
542,153,0
26,766,0
192,1324,0
583,643,0
85,1406,0
337,1299,0
161,810,0
628,941,0
344,622,0
128,1133,0
313,552,0
176,735,0
257,526,0
535,927,0
40,607,0
687,783,0
403,895,0
117,1281,0
304,892,0
192,667,0
520,1414,0
30,934,0
291,658,0
291,1096,0
154,1116,0
260,23,0
244,1385,0
642,1220,0
470,1283,0
117,1107,0
459,240,0
631,206,0
474,473,0
457,1128,0
260,858,0
316,1487,0
59,196,0
430,1448,0
119,1459,0
193,275,0
506,826,0
391,916,0
346,128,0
381,1462,0
336,549,0
384,991,0
38,779,0
565,515,0
439,576,0
567,731,0
648,163,0
589,490,0
468,570,0
617,1463,0
585,194,0
428,89,0
677,265,0
506,739,0
98,1145,0
13,423,0
689,1054,0
632,1210,0
706,983,0
406,1186,0
13,772,0
41,300,0
249,818,0
166,857,0
391,630,0
66,47,0
97,1371,0
178,1156,0
570,274,0
14,694,0
532,1267,0
513,672,0
334,705,0
577,588,0
488,754,0
667,79,0
113,1136,0
272,1081,0
621,1116,0
135,1140,0
27,326,0
290,1354,0
657,1262,0
335,737,0
576,1080,0
61,324,0
564,1360,0
343,403,0
25,1163,0
535,1405,0
168,980,0
653,1078,0
616,612,0
499,1507,0
500,716,0
524,516,0
79,197,0
436,495,0
450,990,0
354,357,0
433,1025,0
455,305,0
126,183,0
132,795,0
357,501,0
36,566,0
495,841,0
303,494,0
43,606,0
509,148,0
35,974,0
432,1258,0
21,325,0
464,1385,0
322,317,0
284,859,0
39,664,0
585,342,0
684,296,0
101,721,0
445,1015,0
446,1284,0
385,1445,0
140,363,0
643,1269,0
332,580,0
607,140,0
354,65,0
103,450,0
598,978,0
346,602,0
181,1284,0
558,1344,0
233,293,0
696,705,0
419,264,0
11,1303,0
83,1219,0
675,1300,0
181,1311,0
323,914,0
169,893,0
10,1224,0
231,1058,0
509,911,0
404,1176,0
42,106,0
308,553,0
530,852,0
15,656,0
515,254,0
281,858,0
130,318,0
177,645,0
296,873,0
533,822,0
334,714,0
385,1135,0
333,210,0
230,843,0
452,1403,0
215,1026,0
135,1059,0
667,766,0
125,1276,0
76,351,0
293,1419,0
377,1497,0
85,1055,0
284,422,0
136,89,0
685,76,0
375,75,0
160,1226,0
12,574,0
16,1432,0
265,591,0
682,1032,0
338,175,0
214,991,0
601,367,0
290,160,0
451,551,0
222,686,0
81,345,0
234,582,0
111,303,0
397,10,0
245,1090,0
524,39,0
580,373,0
67,951,0
692,1265,0
474,469,0
552,1251,0
493,194,0
373,1467,0
474,556,0
41,1231,0
452,1112,0
164,504,0
650,263,0
645,607,0
278,1450,0
136,1422,0
285,345,0
571,590,0
27,1470,0
239,620,0
450,1017,0
533,1183,0
293,413,0
545,1192,0
521,843,0
506,575,0
472,541,0
341,1470,0
254,1182,0
172,1137,0
7,1221,0
492,292,0
56,1181,0
664,330,0
580,1104,0
592,84,0
7,25,0
87,411,0
564,585,0
261,823,0
546,316,0
526,533,0
8,1488,0
573,705,0
309,916,0
539,710,0
385,725,0
345,389,0
126,525,0
472,826,0
174,1055,0
257,1500,0
482,823,0
662,1321,0
396,96,0
561,1148,0
630,1315,0
286,742,0
182,107,0
72,1102,0
542,1087,0
299,955,0
322,1496,0
163,1450,0
107,1479,0
69,679,0
220,1484,0
432,1275,0
453,1380,0
515,1324,0
135,1434,0
155,1184,0
356,159,0
435,473,0
441,234,0
208,232,0
10,1040,0
20,280,0
205,262,0
85,218,0
1,582,0
107,263,0
644,1380,0
230,322,0
493,1217,0
189,75,0
455,893,0
416,1469,0
588,136,0
589,806,0
552,90,0
239,794,0
374,1435,0
120,929,0
577,66,0
674,679,0
229,261,0
702,1031,0
479,1359,0
421,1361,0
666,718,0
585,591,0
163,78,0
70,859,0
381,1461,0
220,439,0
479,805,0
85,376,0
71,949,0
11,619,0
370,1124,0
472,766,0
97,723,0
632,995,0
202,1405,0
180,1011,0
494,936,0
578,1034,0
610,461,0
131,651,0
30,1507,0
147,51,0
643,275,0
325,768,0
629,1173,0
186,1370,0
175,1240,0
489,863,0
83,804,0
257,1175,0
437,741,0
154,7,0
485,300,0
263,1130,0
169,739,0
412,1132,0
52,746,0
188,1234,0
604,409,0
392,860,0
165,229,0
383,357,0
82,417,0
516,193,0
683,1414,0
643,1374,0
27,915,0
109,1371,0
240,46,0
694,701,0
462,1058,0
460,1260,0
153,509,0
481,529,0
271,23,0
634,986,0
263,926,0
308,1241,0
391,847,0
444,355,0
336,1259,0
294,1200,0
90,1413,0
427,1434,0
394,33,0
458,83,0
154,290,0
458,839,0
421,236,0
502,651,0
512,202,0
142,479,0
402,1200,0
49,1364,0
284,337,0
128,38,0
293,1194,0
427,166,0
187,1225,0
269,1172,0
418,512,0
290,516,0
705,1485,0
348,683,0
180,232,0
210,568,0
193,36,0
562,296,0
505,668,0
559,989,0
161,888,0
7,1286,0
663,944,0
465,1083,0
353,5,0
274,1343,0
546,129,0
305,1373,0
375,623,0
315,882,0
686,337,0
59,374,0
245,146,0
499,1063,0
531,189,0
168,1460,0
51,751,0
705,231,0
138,479,0
671,1085,0
68,574,0
376,406,0
561,228,0
159,1110,0
639,385,0
318,1489,0
384,992,0
283,1030,0
561,879,0
54,1182,0
107,298,0
409,597,0
68,1425,0
543,197,0
691,910,0
289,1085,0
211,508,0
13,452,0
156,944,0
490,1091,0
537,361,0
138,737,0
321,1455,0
185,1313,0
589,69,0
17,221,0
322,87,0
436,1253,0
173,1452,0
621,153,0
243,229,0
492,715,0
105,1173,0
388,1261,0
483,911,0
469,421,0
375,1481,0
648,838,0
460,428,0
629,361,0
145,1407,0
44,469,0
325,341,0
144,309,0
582,592,0
570,527,0
602,1172,0
56,212,0
114,463,0
677,23,0
675,1434,0
163,1130,0
641,375,0
160,501,0
371,624,0
81,476,0
191,121,0
666,1392,0
444,117,0
212,1166,0
237,462,0
614,947,0
104,282,0
142,677,0
518,906,0
198,620,0
162,894,0
53,86,0
243,1192,0
160,1087,0
592,846,0
489,870,0
266,1034,0
511,85,0
275,1200,0
266,1219,0
673,1200,0
245,568,0
262,1326,0
566,857,0
262,1303,0
368,326,0
554,1324,0
393,264,0
569,1032,0
341,118,0
186,1011,0
173,504,0
327,1363,0
603,920,0
95,196,0
376,342,0
517,0,0
90,85,0
587,72,0
6,1354,0
625,389,0
107,1195,0
240,923,0
142,289,0
277,1158,0
396,1179,0
607,578,0
67,961,0
527,600,0
703,449,0
89,242,0
241,1018,0
288,812,0
16,801,0
457,1193,0
696,1435,0
393,1059,0
94,570,0
374,245,0
416,796,0
55,1053,0
20,1378,0
688,416,0
129,1199,0
239,954,0
585,1471,0
439,1052,0
560,1087,0
77,983,0
532,79,0
671,281,0
296,383,0
450,586,0
648,1333,0
449,967,0
255,1082,0
130,912,0
5,897,0
127,30,0
265,1408,0
324,90,0
64,892,0
381,1136,0
335,1415,0
516,824,0
248,50,0
246,351,0
211,303,0
446,756,0
250,533,0
259,1224,0
24,815,0
14,654,0
352,594,0
683,1092,0
445,441,0
155,6,0
132,1341,0
467,150,0
425,488,0
417,168,0
696,1141,0
220,1350,0
156,1118,0
299,684,0
58,595,0
306,90,0
653,976,0
342,1431,0
131,398,0
289,390,0
283,951,0
398,259,0
211,403,0
209,386,0
37,1282,0
277,1372,0
429,272,0
122,1351,0
17,1414,0
87,631,0
344,1003,0
116,1086,0
93,1350,0
161,680,0
58,495,0
455,834,0
630,1015,0
88,257,0
204,1347,0
703,1132,0
164,260,0
608,492,0
197,1048,0
651,1014,0
571,329,0
288,842,0
93,937,0
267,978,0
257,46,0
690,1409,0
507,1086,0
648,53,0
76,740,0
300,1471,0
132,888,0
629,1123,0
119,1442,0
254,1129,0
581,467,0
372,1048,0
5,639,0
453,1236,0
381,15,0
252,299,0
217,226,0
44,1495,0
543,834,0
183,991,0
697,894,0
607,363,0
150,1147,0
574,1323,0
548,925,0
164,904,0
138,1153,0
403,997,0
48,1494,0
695,1139,0
145,782,0
636,1090,0
528,1134,0
242,829,0
648,862,0
447,719,0
390,436,0
515,223,0
232,394,0
134,645,0
181,1173,0
476,1380,0
38,204,0
591,117,0
80,225,0
305,684,0
375,1433,0
700,117,0
695,231,0
104,398,0
266,391,0
32,1037,0
183,156,0
163,1222,0
238,256,0
603,1131,0
17,215,0
539,66,0
68,180,0
225,206,0
703,1045,0
126,682,0
326,1223,0
415,1033,0
450,542,0
398,103,0
277,1501,0
330,315,0
118,871,0
572,1172,0
581,719,0
591,770,0
553,862,0
604,479,0
336,426,0
601,46,0
272,306,0
470,277,0
570,660,0
93,134,0
525,1280,0
541,281,0
348,286,0
561,1475,0
577,1075,0
699,263,0
645,579,0
135,535,0
66,832,0
38,1022,0
223,239,0
676,949,0
380,1373,0
15,1468,0
225,102,0
368,1412,0
457,751,0
493,701,0
459,329,0
458,1024,0
175,1378,0
454,1056,0
381,812,0
654,1429,0
451,445,0
243,1281,0
424,46,0
476,11,0
277,282,0
627,1450,0
273,401,0
5,428,0
34,1281,0
638,847,0
300,626,0
547,1230,0
597,48,0
340,835,0
426,1042,0
344,1310,0
49,148,0
526,1059,0
306,618,0
443,701,0
268,601,0
456,1071,0
563,553,0
46,721,0
213,936,0
60,829,0
621,920,0
514,395,0
414,793,0
704,9,0
463,391,0
521,1101,0
438,1329,0
699,1465,0
493,425,0
287,198,0
263,170,0
171,39,0
477,1282,0
158,1101,0
43,992,0
182,1281,0
88,273,0
223,570,0
75,1405,0
425,113,0
404,1175,0
462,715,0
543,933,0
172,417,0
366,567,0
270,490,0
697,879,0
601,435,0
118,576,0
605,54,0
110,197,0
322,1474,0
212,1491,0
529,1292,0
584,995,0
107,803,0
223,462,0
546,719,0
239,545,0
151,1204,0
108,973,0
21,1504,0
32,94,0
42,73,0
173,1473,0
128,1267,0
184,28,0
524,307,0
253,1281,0
313,1183,0
9,865,0
21,180,0
166,771,0
591,766,0
177,400,0
140,810,0
138,1263,0
119,876,0
367,1107,0
578,1387,0
472,41,0
347,758,0
401,1190,0
464,621,0
357,1387,0
505,7,0
635,883,0
478,1184,0
114,231,0
39,683,0
488,483,0
133,1369,0
589,197,0
115,643,0
79,400,0
438,1455,0
294,1261,0
15,142,0
592,807,0
121,460,0
141,1380,0
296,190,0
422,621,0
232,960,0
482,490,0
112,288,0
416,1256,0
298,563,0
130,292,0
90,252,0
461,428,0
346,792,0
587,804,0
607,214,0
623,648,0
221,1411,0
427,952,0
541,951,0
239,332,0
485,45,0
301,1447,0
134,608,0
410,855,0
42,79,0
61,594,0
289,1214,0
5,214,0
248,878,0
179,1295,0
428,335,0
553,106,0
452,1249,0
201,1097,0
524,61,0
272,1362,0
574,1402,0
222,859,0
461,920,0
457,417,0
281,745,0
231,1294,0
312,1002,0
312,602,0
636,508,0
34,277,0
41,1363,0
611,933,0
247,369,0
548,1022,0
367,978,0
523,709,0
558,1353,0
524,1233,0
598,1134,0
377,899,0
457,799,0
330,342,0
580,172,0
249,1377,0
624,999,0
255,76,0
650,876,0
241,26,0
460,799,0
628,1376,0
698,555,0
88,893,0
9,981,0
385,208,0
439,627,0
308,1019,0
244,1098,0
703,893,0
349,866,0
191,912,0
69,443,0
623,1157,0
231,972,0
161,980,0
478,1126,0
367,17,0
363,694,0
314,1467,0
122,577,0
164,771,0
463,1018,0
94,489,0
1,1508,0
369,784,0
147,1452,0
208,840,0
610,632,0
449,25,0
108,914,0
249,1374,0
434,336,0
580,757,0
485,703,0
88,220,0
671,821,0
396,312,0
320,226,0
530,986,0
388,157,0
187,127,0
135,1189,0
211,6,0
394,638,0
511,714,0
42,1102,0
391,1309,0
599,729,0
282,996,0
118,1227,0
423,451,0
579,548,0
458,491,0
544,1312,0
77,1304,0
38,179,0
597,758,0
566,1402,0
442,1253,0
604,1029,0
584,70,0
633,1124,0
509,1132,0
533,1308,0
509,105,0
687,166,0
431,1191,0
441,818,0
374,663,0
477,147,0
409,953,0
488,115,0
118,1199,0
473,1318,0
571,1490,0
238,439,0
258,991,0
373,1056,0
143,23,0
675,348,0
164,783,0
404,837,0
183,1207,0
494,27,0
436,810,0
49,12,0
538,238,0
601,1200,0
466,1220,0
19,509,0
84,121,0
323,717,0
693,124,0
704,1369,0
627,949,0
316,604,0
489,345,0
46,1447,0
667,256,0
0,1064,0
478,876,0
67,1507,0
6,1435,0
40,901,0
331,696,0
233,232,0
264,472,0
419,1223,0
378,1202,0
621,1478,0
541,1100,0
41,119,0
608,296,0
70,536,0
368,1084,0
511,689,0
103,409,0
178,750,0
279,1351,0
612,46,0
119,729,0
223,814,0
236,1333,0
291,291,0
288,617,0
292,381,0
302,1277,0
301,193,0
213,892,0
478,99,0
25,728,0
435,1478,0
232,1023,0
59,1225,0
623,1307,0
381,85,0
121,1113,0
344,900,0
142,687,0
305,1480,0
574,1316,0
154,895,0
499,419,0
508,18,0
217,1396,0
244,465,0
347,1081,0
207,1222,0
227,497,0
555,96,0
241,929,0
653,1117,0
521,1007,0
543,1278,0
125,1496,0
702,35,0
445,1126,0
540,264,0
305,825,0
618,553,0
524,31,0
619,1298,0
214,1338,0
216,470,0
1,1288,0
556,1470,0
696,717,0
660,1492,0
313,1269,0
146,490,0
215,49,0
506,718,0
435,780,0
168,591,0
156,459,0
281,955,0
198,1168,0
651,1405,0
275,274,0
654,372,0
665,913,0
478,196,0
570,1034,0
476,785,0
393,810,0
687,566,0
52,1492,0
20,634,0
122,1200,0
148,674,0
68,628,0
424,541,0
154,1079,0
707,369,0
574,729,0
644,1475,0
239,1226,0
183,211,0
374,531,0
602,1059,0
73,152,0
545,1406,0
244,346,0
206,724,0
99,851,0
628,77,0
535,971,0
159,989,0
86,1291,0
683,1030,0
621,114,0
349,155,0
611,1395,0
511,958,0
395,409,0
67,905,0
231,270,0
36,861,0
57,464,0
189,885,0
412,1102,0
397,72,0
607,385,0
21,795,0
181,1206,0
212,140,0
310,78,0
70,579,0
616,198,0
590,564,0
634,107,0
436,749,0
249,1266,0
259,2,0
654,1056,0
687,1046,0
590,1483,0
212,569,0
18,1065,0
239,887,0
430,993,0
216,1505,0
305,3,0
164,1341,0
312,221,0
645,561,0
376,376,0
404,53,0
629,1047,0
530,557,0
397,146,0
349,1387,0
490,486,0
457,1177,0
120,1460,0
299,1182,0
541,1221,0
598,23,0
56,375,0
514,1228,0
493,124,0
360,13,0
115,186,0
158,400,0
501,91,0
311,1178,0
230,1245,0
365,85,0
574,430,0
535,605,0
383,574,0
519,948,0
84,828,0
71,2,0
451,381,0
221,1413,0
274,42,0
116,486,0
284,980,0
300,466,0
334,56,0
565,1392,0
601,1143,0
17,232,0
544,340,0
509,65,0
158,1000,0
696,1403,0
298,8,0
577,875,0
313,1274,0
203,1037,0
472,190,0
482,403,0
445,1051,0
417,1393,0
211,770,0
170,155,0
154,119,0
405,1060,0
172,185,0
194,1348,0
155,1229,0
74,485,0
704,367,0
581,921,0
631,1296,0
554,1196,0
530,418,0
559,14,0
404,976,0
589,1435,0
383,1295,0
53,321,0
321,352,0
137,186,0
628,223,0
489,53,0
23,789,0
84,364,0
335,741,0
361,511,0
687,586,0
511,239,0
557,163,0
334,397,0
638,260,0
343,1399,0
100,839,0
577,313,0
514,919,0
555,1238,0
600,1458,0
574,296,0
158,1343,0
299,1172,0
555,210,0
83,155,0
64,1053,0
549,893,0
63,572,0
22,492,0
453,752,0
166,653,0
24,31,0
255,178,0
525,48,0
508,488,0
465,917,0
521,784,0
97,1036,0
539,142,0
271,614,0
101,1423,0
45,149,0
473,171,0
201,519,0
595,762,0
36,139,0
341,1023,0
116,214,0
161,1233,0
307,632,0
61,36,0
235,1017,0
700,308,0
271,397,0
472,1324,0
319,1083,0
383,1235,0
108,874,0
159,1154,0
343,1351,0
11,955,0
439,807,0
656,874,0
44,723,0
181,557,0
378,1148,0
385,291,0
411,1211,0
323,1341,0
134,1384,0
429,352,0
316,654,0
184,987,0
111,363,0
247,761,0
347,990,0
674,62,0
48,629,0
166,1453,0
202,38,0
194,880,0
470,12,0
108,1314,0
162,1387,0
349,846,0
632,948,0
609,596,0
544,88,0
8,626,0
296,961,0
95,440,0
356,3,0
224,698,0
626,931,0
545,1169,0
564,914,0
397,155,0
634,468,0
424,1199,0
269,251,0
202,260,0
628,1304,0
704,1292,0
612,1234,0
73,226,0
450,712,0
435,413,0
518,61,0
180,1147,0
365,738,0
468,331,0
81,877,0
147,433,0
562,1509,0
234,555,0
246,843,0
683,712,0
443,336,0
419,415,0
