15,922,1
393,243,1
432,88,1
120,164,1
433,922,1
668,988,1
292,48,1
175,407,1
588,374,1
431,430,1
584,108,1
240,108,1
694,330,1
420,739,1
330,322,1
182,460,1
125,256,1
443,256,1
48,561,1
499,241,1
85,493,1
686,278,1
626,466,1
292,940,1
190,150,1
662,26,1
58,223,1
672,1167,1
444,194,1
120,84,1
340,12,1
569,26,1
595,720,1
257,394,1
694,561,1
153,73,1
455,374,1
509,150,1
120,374,1
423,1167,1
474,246,1
599,394,1
43,460,1
694,368,1
203,73,1
15,430,1
197,124,1
101,326,1
582,426,1
41,317,1
287,442,1
268,689,1
389,1375,1
156,302,1
625,39,1
573,317,1
564,60,1
343,366,1
217,570,1
426,142,1
329,256,1
446,207,1
516,150,1
651,124,1
678,256,1
669,922,1
40,327,1
30,58,1
97,574,1
455,461,1
174,407,1
382,311,1
575,48,1
298,218,1
382,183,1
16,430,1
532,573,1
393,358,1
93,288,1
46,1180,1
165,185,1
624,83,1
50,461,1
138,998,1
451,362,1
550,248,1
645,550,1
603,98,1
110,71,1
271,322,1
564,164,1
572,418,1
327,10,1
308,426,1
624,232,1
154,366,1
616,368,1
392,139,1
423,987,1
232,291,1
580,362,1
628,138,1
433,1188,1
196,512,1
573,742,1
406,102,1
597,165,1
441,696,1
181,430,1
309,459,1
135,286,1
668,989,1
58,12,1
23,424,1
524,232,1
321,183,1
367,475,1
616,322,1
210,778,1
120,461,1
329,164,1
433,183,1
573,627,1
526,186,1
130,49,1
506,322,1
302,48,1
616,330,1
433,1186,1
442,442,1
685,98,1
341,108,1
561,681,1
523,987,1
281,189,1
251,201,1
316,256,1
289,164,1
462,288,1
332,99,1
138,993,1
314,1029,1
3,327,1
530,144,1
175,1174,1
473,295,1
347,241,1
71,244,1
520,26,1
236,25,1
613,435,1
19,119,1
306,988,1
170,916,1
252,328,1
271,993,1
671,26,1
603,394,1
93,635,1
175,288,1
302,12,1
524,139,1
396,1168,1
410,183,1
322,442,1
396,1166,1
289,288,1
579,636,1
587,459,1
325,358,1
516,10,1
317,326,1
48,374,1
316,288,1
624,328,1
640,315,1
694,288,1
504,648,1
120,288,1
363,67,1
251,150,1
552,48,1
597,164,1
50,330,1
455,263,1
120,561,1
77,99,1
25,1149,1
588,309,1
346,288,1
202,442,1
310,987,1
695,120,1
121,614,1
110,1169,1
593,183,1
95,459,1
523,989,1
626,278,1
317,194,1
332,175,1
607,71,1
588,165,1
449,278,1
292,993,1
415,33,1
213,98,1
69,278,1
97,10,1
678,12,1
31,237,1
101,461,1
6,124,1
357,916,1
16,309,1
616,194,1
444,326,1
520,49,1
242,394,1
40,296,1
637,18,1
20,538,1
444,241,1
50,12,1
579,545,1
544,278,1
617,26,1
185,328,1
580,278,1
499,998,1
694,60,1
564,232,1
2,170,1
616,328,1
272,12,1
138,380,1
680,765,1
340,165,1
83,48,1
639,605,1
312,164,1
93,232,1
616,12,1
561,48,1
623,290,1
564,326,1
423,460,1
97,119,1
650,423,1
575,407,1
680,279,1
148,83,1
528,1202,1
377,423,1
110,1166,1
523,460,1
255,389,1
382,1183,1
294,407,1
132,1202,1
143,994,1
638,985,1
365,150,1
184,430,1
537,34,1
176,114,1
389,288,1
626,256,1
0,75,1
477,435,1
306,273,1
689,276,1
42,203,1
669,366,1
108,278,1
584,48,1
60,197,1
637,13,1
12,460,1
505,108,1
120,139,1
389,435,1
329,223,1
206,330,1
325,442,1
93,1173,1
97,814,1
48,175,1
101,435,1
524,49,1
396,1170,1
396,987,1
120,221,1
271,407,1
553,317,1
433,1184,1
168,549,1
13,98,1
690,737,1
537,279,1
25,102,1
221,654,1
580,310,1
175,430,1
272,435,1
339,246,1
69,366,1
141,13,1
569,288,1
340,164,1
359,108,1
370,43,1
496,253,1
322,358,1
543,366,1
631,483,1
264,243,1
368,19,1
103,1011,1
616,49,1
225,288,1
521,1010,1
335,322,1
93,256,1
97,150,1
183,71,1
486,317,1
294,394,1
14,264,1
324,288,1
17,98,1
671,232,1
292,203,1
85,460,1
553,402,1
596,421,1
683,64,1
185,165,1
528,497,1
229,459,1
252,288,1
204,10,1
145,256,1
43,421,1
499,1151,1
644,242,1
617,916,1
588,435,1
299,1508,1
561,98,1
50,164,1
171,435,1
631,7,1
437,435,1
606,98,1
278,459,1
90,358,1
191,194,1
292,248,1
429,335,1
225,322,1
374,279,1
347,361,1
275,1154,1
62,135,1
93,407,1
38,115,1
220,640,1
125,358,1
228,278,1
10,1164,1
477,12,1
264,358,1
346,164,1
597,407,1
550,505,1
422,459,1
574,366,1
250,60,1
225,165,1
624,309,1
10,494,1
176,82,1
291,986,1
219,108,1
175,26,1
25,1148,1
520,322,1
16,243,1
85,985,1
624,288,1
123,164,1
433,1187,1
170,394,1
684,786,1
588,326,1
626,223,1
514,459,1
329,379,1
32,288,1
630,560,1
176,237,1
96,358,1
428,461,1
454,374,1
694,435,1
286,279,1
549,366,1
138,997,1
444,394,1
573,290,1
310,71,1
539,1202,1
202,243,1
356,727,1
349,101,1
661,641,1
199,857,1
669,194,1
344,237,1
93,322,1
206,435,1
9,366,1
550,452,1
545,265,1
631,113,1
239,189,1
46,1178,1
275,589,1
659,81,1
579,851,1
393,442,1
183,989,1
302,288,1
31,43,1
96,243,1
675,89,1
332,366,1
624,49,1
268,635,1
15,278,1
526,315,1
316,328,1
546,317,1
165,186,1
597,435,1
393,563,1
580,206,1
672,1166,1
382,514,1
41,290,1
260,67,1
433,1183,1
324,328,1
272,241,1
227,124,1
101,561,1
0,112,1
225,278,1
48,83,1
407,60,1
329,461,1
315,183,1
292,997,1
58,435,1
143,248,1
48,435,1
333,89,1
588,407,1
569,278,1
26,48,1
659,16,1
548,279,1
396,1169,1
133,993,1
165,360,1
469,102,1
580,225,1
449,366,1
48,326,1
523,1167,1
433,853,1
93,1175,1
194,98,1
268,258,1
299,1505,1
637,258,1
437,362,1
373,49,1
183,302,1
201,322,1
473,188,1
573,460,1
133,940,1
522,119,1
593,311,1
185,435,1
597,223,1
148,221,1
614,459,1
148,223,1
131,175,1
413,166,1
634,497,1
138,994,1
529,223,1
656,418,1
662,322,1
495,119,1
549,430,1
330,256,1
126,273,1
7,459,1
299,985,1
125,164,1
23,6,1
58,326,1
123,326,1
100,362,1
291,362,1
275,448,1
346,256,1
289,165,1
457,459,1
49,223,1
579,624,1
311,124,1
340,374,1
569,49,1
172,206,1
255,106,1
277,164,1
93,165,1
672,302,1
148,374,1
46,315,1
83,402,1
597,83,1
148,326,1
461,10,1
361,144,1
225,26,1
564,256,1
183,1170,1
623,460,1
292,996,1
624,330,1
698,497,1
495,140,1
306,1168,1
607,1169,1
110,1168,1
381,989,1
388,1166,1
523,421,1
581,985,1
226,783,1
285,185,1
310,989,1
529,45,1
431,322,1
225,139,1
175,1173,1
507,922,1
12,273,1
133,248,1
607,302,1
214,242,1
546,1381,1
148,164,1
367,460,1
368,119,1
428,442,1
148,330,1
189,67,1
371,326,1
31,114,1
16,26,1
87,165,1
697,1011,1
374,546,1
48,221,1
587,73,1
588,12,1
24,49,1
502,636,1
322,243,1
12,1167,1
293,73,1
691,243,1
306,460,1
101,309,1
550,998,1
2,453,1
655,922,1
624,194,1
140,380,1
366,124,1
600,426,1
340,328,1
123,98,1
391,320,1
590,460,1
262,400,1
120,379,1
259,988,1
101,12,1
506,26,1
160,256,1
429,346,1
370,82,1
294,98,1
564,194,1
61,426,1
652,707,1
271,248,1
546,48,1
542,185,1
344,10,1
544,366,1
228,164,1
238,1162,1
561,588,1
429,34,1
206,240,1
101,164,1
266,717,1
611,424,1
597,194,1
564,309,1
12,71,1
594,854,1
597,326,1
85,472,1
400,12,1
564,278,1
58,164,1
58,165,1
302,435,1
78,34,1
616,407,1
550,993,1
243,139,1
14,269,1
138,1202,1
35,263,1
432,108,1
292,995,1
183,1168,1
524,322,1
147,119,1
668,1166,1
573,625,1
83,248,1
136,288,1
552,98,1
354,581,1
255,433,1
158,987,1
361,922,1
441,1150,1
242,613,1
306,1166,1
137,418,1
130,139,1
700,28,1
294,326,1
276,315,1
151,472,1
567,309,1
686,206,1
431,108,1
60,183,1
110,1167,1
433,854,1
388,989,1
211,124,1
546,2,1
495,150,1
622,2,1
627,924,1
183,1167,1
112,320,1
376,232,1
148,309,1
329,374,1
257,328,1
80,117,1
595,457,1
92,374,1
580,99,1
406,1148,1
122,67,1
509,429,1
65,108,1
12,1166,1
27,189,1
268,495,1
48,330,1
431,278,1
663,459,1
379,442,1
546,151,1
623,452,1
374,696,1
616,374,1
120,330,1
460,421,1
154,278,1
22,181,1
617,322,1
381,988,1
396,460,1
579,247,1
355,291,1
388,1169,1
122,73,1
428,175,1
624,435,1
436,115,1
110,989,1
23,279,1
101,374,1
458,461,1
696,243,1
388,988,1
46,1177,1
4,430,1
597,328,1
174,48,1
486,183,1
368,140,1
217,440,1
325,243,1
292,998,1
368,1502,1
442,243,1
19,1203,1
93,278,1
564,288,1
201,49,1
496,610,1
120,175,1
334,319,1
570,366,1
43,1167,1
671,139,1
242,165,1
575,288,1
495,10,1
588,164,1
423,1169,1
356,1172,1
172,259,1
48,12,1
86,144,1
144,1167,1
49,309,1
299,916,1
424,362,1
692,58,1
244,150,1
58,221,1
99,145,1
654,278,1
546,238,1
609,858,1
569,583,1
539,509,1
616,232,1
570,1164,1
560,119,1
573,238,1
101,232,1
597,330,1
271,26,1
10,423,1
351,58,1
134,246,1
588,330,1
616,164,1
442,358,1
497,164,1
75,185,1
631,523,1
281,185,1
691,430,1
110,987,1
335,423,1
388,71,1
480,150,1
586,330,1
109,407,1
352,675,1
141,208,1
175,139,1
588,461,1
96,442,1
396,302,1
329,435,1
48,461,1
367,273,1
601,1166,1
144,1168,1
523,302,1
58,83,1
392,49,1
2,324,1
299,246,1
451,240,1
101,328,1
410,311,1
46,1179,1
524,26,1
616,288,1
17,394,1
8,121,1
696,358,1
245,194,1
161,927,1
454,461,1
191,326,1
299,423,1
405,150,1
631,250,1
358,426,1
503,581,1
677,49,1
175,322,1
294,288,1
141,85,1
22,554,1
85,475,1
472,49,1
2,146,1
693,166,1
374,670,1
597,368,1
329,12,1
145,309,1
496,642,1
316,435,1
43,273,1
585,243,1
367,302,1
144,302,1
550,241,1
138,996,1
368,10,1
276,186,1
193,32,1
434,450,1
671,322,1
26,694,1
573,1161,1
271,49,1
486,242,1
48,288,1
549,278,1
121,568,1
261,608,1
50,221,1
564,26,1
421,175,1
271,998,1
262,918,1
541,48,1
587,67,1
120,256,1
573,362,1
252,407,1
623,361,1
380,10,1
506,139,1
230,143,1
76,243,1
43,1169,1
111,364,1
49,256,1
148,256,1
144,1166,1
606,394,1
616,221,1
581,273,1
31,82,1
601,460,1
35,165,1
364,10,1
581,472,1
140,67,1
175,232,1
64,1174,1
50,368,1
135,106,1
178,150,1
266,686,1
661,73,1
146,423,1
528,327,1
136,328,1
279,6,1
175,49,1
299,1507,1
616,561,1
279,546,1
668,1170,1
420,160,1
356,518,1
433,852,1
514,1503,1
233,150,1
243,26,1
463,119,1
588,256,1
292,276,1
43,987,1
251,140,1
306,1170,1
521,569,1
658,119,1
183,988,1
300,67,1
491,150,1
12,987,1
496,140,1
38,402,1
10,1165,1
22,419,1
621,45,1
395,98,1
615,6,1
691,278,1
388,1170,1
669,326,1
669,924,1
87,461,1
444,288,1
361,605,1
397,256,1
151,493,1
93,26,1
291,470,1
109,328,1
330,49,1
543,430,1
57,394,1
287,358,1
268,113,1
340,330,1
624,164,1
19,134,1
477,78,1
569,322,1
624,12,1
597,256,1
224,67,1
12,989,1
532,1181,1
288,346,1
329,326,1
469,357,1
115,858,1
378,149,1
22,260,1
93,528,1
15,366,1
324,407,1
631,484,1
68,512,1
303,108,1
120,368,1
120,26,1
668,1168,1
364,150,1
275,1153,1
20,1060,1
431,99,1
374,6,1
306,302,1
93,1174,1
41,452,1
82,43,1
363,570,1
340,435,1
126,460,1
672,460,1
509,400,1
637,496,1
569,430,1
82,401,1
228,288,1
529,256,1
31,377,1
41,460,1
85,302,1
185,12,1
694,394,1
569,232,1
43,302,1
511,175,1
658,608,1
82,237,1
471,426,1
175,278,1
393,241,1
433,505,1
566,322,1
523,273,1
478,916,1
225,232,1
423,302,1
618,138,1
672,71,1
170,288,1
302,328,1
507,924,1
314,426,1
491,10,1
672,1168,1
8,984,1
151,302,1
574,175,1
391,459,1
508,617,1
190,738,1
306,1169,1
92,223,1
532,390,1
397,246,1
120,194,1
90,442,1
446,1006,1
64,49,1
566,49,1
110,460,1
48,194,1
363,457,1
537,765,1
127,98,1
280,327,1
110,273,1
330,232,1
268,496,1
120,322,1
264,442,1
508,1196,1
16,278,1
483,6,1
65,440,1
499,505,1
540,327,1
400,435,1
32,328,1
86,515,1
569,98,1
50,374,1
396,988,1
255,285,1
661,112,1
144,421,1
316,278,1
22,449,1
423,273,1
110,988,1
431,366,1
12,421,1
286,765,1
48,368,1
329,165,1
226,81,1
616,139,1
381,852,1
345,108,1
567,256,1
505,524,1
346,60,1
238,1161,1
481,42,1
445,60,1
337,115,1
295,165,1
367,493,1
581,475,1
373,322,1
389,379,1
244,10,1
570,278,1
306,1167,1
289,309,1
2,530,1
159,435,1
94,857,1
669,64,1
616,461,1
588,221,1
120,326,1
375,383,1
607,1170,1
524,241,1
425,243,1
388,987,1
43,1166,1
175,256,1
319,380,1
333,1139,1
596,302,1
588,83,1
93,358,1
332,423,1
696,442,1
624,461,1
316,407,1
152,272,1
112,459,1
499,248,1
299,494,1
411,10,1
295,263,1
330,139,1
310,988,1
468,656,1
631,486,1
102,98,1
281,516,1
151,460,1
257,98,1
120,232,1
101,49,1
14,990,1
553,183,1
222,426,1
340,194,1
607,1168,1
160,322,1
573,310,1
668,71,1
632,155,1
534,322,1
251,854,1
621,49,1
564,49,1
330,26,1
50,83,1
116,72,1
361,924,1
694,256,1
268,7,1
160,49,1
292,108,1
292,402,1
523,1166,1
668,302,1
610,48,1
573,657,1
694,309,1
43,1170,1
348,108,1
616,435,1
174,288,1
60,460,1
110,302,1
607,987,1
638,493,1
616,309,1
148,165,1
454,165,1
694,12,1
321,311,1
71,459,1
286,546,1
652,647,1
158,31,1
694,326,1
154,430,1
41,361,1
64,1173,1
521,98,1
151,273,1
691,175,1
68,726,1
369,33,1
428,45,1
596,460,1
637,113,1
561,394,1
123,194,1
172,240,1
286,696,1
299,1164,1
616,175,1
672,989,1
31,401,1
64,26,1
273,73,1
108,430,1
289,256,1
63,28,1
201,232,1
400,241,1
423,71,1
398,358,1
12,1168,1
38,364,1
299,1504,1
271,139,1
271,241,1
120,49,1
548,357,1
588,288,1
703,164,1
176,401,1
694,221,1
83,88,1
144,1170,1
550,994,1
668,273,1
425,442,1
279,135,1
141,21,1
429,1006,1
392,26,1
70,346,1
486,1034,1
22,439,1
195,435,1
423,988,1
672,273,1
678,435,1
126,302,1
631,487,1
409,108,1
365,10,1
14,991,1
172,225,1
191,164,1
338,423,1
622,459,1
536,123,1
50,194,1
295,374,1
658,39,1
585,572,1
289,430,1
554,94,1
650,26,1
213,394,1
132,108,1
339,916,1
498,322,1
120,309,1
163,327,1
136,407,1
597,374,1
48,256,1
707,327,1
341,19,1
332,362,1
624,139,1
535,99,1
255,286,1
164,189,1
638,1164,1
183,1169,1
178,10,1
436,119,1
138,248,1
411,150,1
50,256,1
573,1162,1
475,394,1
534,49,1
43,989,1
47,108,1
309,380,1
380,150,1
203,1202,1
477,221,1
280,637,1
693,95,1
463,33,1
52,108,1
201,139,1
491,1146,1
613,218,1
76,442,1
448,256,1
500,413,1
242,98,1
144,273,1
425,358,1
427,418,1
62,6,1
567,288,1
433,108,1
602,1299,1
225,430,1
626,309,1
255,200,1
633,459,1
587,196,1
24,322,1
624,561,1
624,165,1
49,368,1
595,673,1
69,430,1
675,722,1
265,394,1
35,368,1
93,452,1
138,995,1
544,430,1
381,854,1
265,98,1
121,860,1
704,442,1
228,430,1
460,460,1
567,278,1
144,1169,1
476,49,1
14,992,1
281,752,1
398,442,1
11,26,1
439,374,1
597,309,1
428,165,1
185,288,1
694,164,1
340,256,1
571,189,1
374,102,1
597,12,1
40,1000,1
504,513,1
66,448,1
372,442,1
484,426,1
16,362,1
694,194,1
85,273,1
668,987,1
590,361,1
561,288,1
220,150,1
174,328,1
330,278,1
579,646,1
299,493,1
19,856,1
120,435,1
661,320,1
340,288,1
499,994,1
140,320,1
616,326,1
450,394,1
225,407,1
557,73,1
541,330,1
554,115,1
494,459,1
243,232,1
65,99,1
652,477,1
488,186,1
271,288,1
306,987,1
130,232,1
499,1152,1
140,195,1
419,319,1
362,49,1
574,362,1
247,150,1
607,1167,1
291,737,1
597,461,1
691,358,1
316,461,1
567,165,1
371,164,1
624,256,1
448,435,1
125,175,1
585,358,1
54,238,1
395,394,1
637,495,1
622,40,1
204,150,1
148,12,1
93,139,1
206,256,1
50,165,1
530,121,1
316,164,1
368,150,1
50,326,1
101,330,1
252,48,1
433,924,1
631,485,1
622,244,1
88,10,1
201,26,1
565,261,1
46,186,1
306,71,1
672,988,1
637,85,1
148,194,1
586,435,1
194,48,1
420,340,1
128,608,1
616,26,1
564,139,1
48,309,1
310,1167,1
299,1165,1
93,164,1
90,243,1
34,430,1
62,546,1
569,139,1
179,150,1
676,319,1
306,989,1
579,709,1
170,164,1
672,1170,1
504,1201,1
389,241,1
24,26,1
87,263,1
702,73,1
48,232,1
569,394,1
677,435,1
144,987,1
176,377,1
143,993,1
461,150,1
312,288,1
652,592,1
499,993,1
245,326,1
423,989,1
626,430,1
493,292,1
433,276,1
184,366,1
509,661,1
662,49,1
392,322,1
268,1022,1
613,362,1
655,138,1
538,327,1
485,374,1
225,49,1
188,1119,1
101,83,1
329,194,1
48,328,1
523,1170,1
478,246,1
408,395,1
349,62,1
654,288,1
370,377,1
597,221,1
616,165,1
561,669,1
631,258,1
522,115,1
11,49,1
388,302,1
9,64,1
561,94,1
489,858,1
202,358,1
506,49,1
671,49,1
371,194,1
377,49,1
148,435,1
286,6,1
337,119,1
686,430,1
581,493,1
552,505,1
524,256,1
172,358,1
141,113,1
210,773,1
134,916,1
612,570,1
261,10,1
469,931,1
62,279,1
156,460,1
496,715,1
574,99,1
294,164,1
367,472,1
526,1066,1
48,49,1
392,232,1
564,165,1
567,366,1
270,73,1
349,422,1
183,1166,1
176,170,1
123,288,1
228,460,1
84,289,1
316,374,1
144,460,1
317,1160,1
462,164,1
477,330,1
431,49,1
479,858,1
153,380,1
268,674,1
588,223,1
46,142,1
335,175,1
299,1163,1
607,1166,1
255,201,1
650,322,1
388,1168,1
74,326,1
375,280,1
280,1327,0
135,539,0
183,218,0
666,860,0
344,1492,0
155,348,0
241,421,0
553,60,0
8,869,0
578,1001,0
502,476,0
455,591,0
3,714,0
605,841,0
268,1480,0
685,180,0
396,1454,0
34,687,0
437,848,0
701,1479,0
308,913,0
613,1088,0
539,1364,0
255,957,0
40,799,0
135,55,0
447,865,0
413,143,0
345,1436,0
447,276,0
168,1248,0
674,1445,0
623,518,0
410,35,0
408,13,0
102,1482,0
394,1429,0
1,216,0
245,989,0
269,1451,0
402,234,0
580,733,0
207,1240,0
266,1123,0
646,694,0
440,43,0
245,1444,0
270,241,0
281,859,0
63,517,0
409,72,0
98,223,0
179,688,0
192,46,0
588,128,0
124,1272,0
158,148,0
188,1452,0
648,135,0
123,1136,0
629,500,0
284,1385,0
200,689,0
172,167,0
57,902,0
633,1114,0
46,954,0
310,1368,0
252,601,0
528,1161,0
30,1154,0
35,527,0
494,578,0
463,1440,0
444,1278,0
582,1238,0
482,588,0
397,1331,0
135,1438,0
548,970,0
567,1124,0
493,14,0
578,506,0
219,637,0
162,705,0
100,1252,0
334,628,0
469,322,0
591,61,0
88,842,0
607,161,0
329,313,0
285,1044,0
369,1424,0
3,910,0
396,1110,0
48,431,0
562,629,0
119,588,0
536,1096,0
25,285,0
435,1426,0
656,1245,0
491,24,0
394,1340,0
471,570,0
404,8,0
195,799,0
518,1042,0
3,994,0
293,1351,0
59,1228,0
90,870,0
337,184,0
453,342,0
562,246,0
565,225,0
131,1172,0
653,513,0
684,490,0
325,953,0
668,70,0
658,713,0
301,563,0
419,496,0
51,177,0
461,1383,0
278,101,0
88,1044,0
681,176,0
353,1107,0
449,276,0
699,1313,0
281,923,0
695,968,0
509,931,0
522,1360,0
223,399,0
187,1278,0
242,372,0
435,985,0
390,1052,0
463,177,0
344,865,0
316,971,0
585,307,0
667,880,0
122,944,0
92,659,0
244,855,0
64,538,0
261,1390,0
465,1031,0
513,916,0
177,787,0
114,1335,0
289,1055,0
164,1201,0
379,1052,0
263,846,0
528,240,0
80,461,0
531,1335,0
649,624,0
627,1332,0
50,1454,0
539,378,0
309,1140,0
672,210,0
657,1100,0
117,1233,0
38,1267,0
625,1011,0
670,1056,0
575,348,0
701,1472,0
422,988,0
372,99,0
285,567,0
34,697,0
132,1070,0
25,440,0
193,1447,0
706,1463,0
202,1357,0
348,682,0
602,1232,0
417,45,0
694,315,0
42,707,0
137,23,0
231,552,0
262,630,0
494,251,0
543,580,0
693,1213,0
93,1465,0
299,1274,0
13,1077,0
362,113,0
622,571,0
650,338,0
327,460,0
82,761,0
523,858,0
104,254,0
634,761,0
213,1387,0
196,1114,0
117,988,0
190,1332,0
317,448,0
515,113,0
270,124,0
541,671,0
401,298,0
105,1500,0
79,144,0
323,1483,0
125,935,0
406,1481,0
436,1172,0
382,764,0
296,683,0
410,871,0
463,114,0
356,1476,0
432,263,0
191,914,0
291,210,0
493,1458,0
450,956,0
338,911,0
269,1114,0
176,924,0
26,766,0
316,427,0
192,1324,0
583,643,0
337,1299,0
203,1224,0
161,810,0
628,941,0
128,1133,0
590,814,0
313,552,0
176,735,0
535,927,0
634,190,0
40,607,0
687,783,0
117,1281,0
29,363,0
304,892,0
192,667,0
30,934,0
263,1193,0
291,658,0
291,1096,0
260,23,0
67,1369,0
244,1385,0
642,1220,0
117,1107,0
436,32,0
459,240,0
631,206,0
457,1128,0
517,956,0
260,858,0
316,1487,0
430,1448,0
387,322,0
119,1459,0
193,275,0
391,916,0
96,1444,0
346,128,0
381,1462,0
384,991,0
655,142,0
38,779,0
565,515,0
567,731,0
98,11,0
648,163,0
589,490,0
617,1463,0
123,1018,0
585,194,0
428,89,0
506,739,0
544,1076,0
98,1145,0
13,423,0
632,1210,0
626,999,0
706,983,0
406,1186,0
41,300,0
587,355,0
249,818,0
166,857,0
66,47,0
479,491,0
97,1371,0
178,1156,0
14,694,0
418,1186,0
532,1267,0
513,672,0
577,588,0
235,222,0
488,754,0
667,79,0
272,1081,0
130,56,0
621,1116,0
135,1140,0
290,1354,0
192,1005,0
657,1262,0
335,737,0
61,324,0
72,649,0
564,1360,0
343,403,0
535,1405,0
462,755,0
168,980,0
653,1078,0
499,1507,0
238,1246,0
500,716,0
524,516,0
436,495,0
517,922,0
450,990,0
354,357,0
455,305,0
349,495,0
126,183,0
132,795,0
36,566,0
452,553,0
495,841,0
303,494,0
509,148,0
283,1068,0
35,974,0
432,1258,0
464,1385,0
649,116,0
322,317,0
284,859,0
585,342,0
304,961,0
684,296,0
101,721,0
446,1284,0
655,1437,0
385,1445,0
140,363,0
332,580,0
554,1059,0
607,140,0
354,65,0
598,978,0
491,1097,0
346,602,0
181,1284,0
233,293,0
594,1511,0
696,705,0
419,264,0
83,1219,0
402,724,0
675,1300,0
181,1311,0
169,893,0
308,280,0
10,1224,0
231,1058,0
404,1176,0
554,191,0
42,106,0
308,553,0
15,656,0
60,1030,0
515,254,0
281,858,0
177,645,0
86,206,0
296,873,0
533,822,0
385,1135,0
504,1064,0
333,210,0
230,843,0
215,1026,0
611,873,0
135,1059,0
667,766,0
76,351,0
696,1208,0
293,1419,0
377,1497,0
284,422,0
61,239,0
136,89,0
685,76,0
160,1226,0
107,1238,0
12,574,0
16,1432,0
682,1032,0
490,1014,0
338,175,0
214,991,0
290,160,0
99,356,0
451,551,0
222,686,0
234,582,0
344,190,0
111,303,0
397,10,0
524,39,0
430,1055,0
580,373,0
67,951,0
474,469,0
556,392,0
552,1251,0
493,194,0
474,556,0
670,448,0
41,1231,0
452,1112,0
650,263,0
342,771,0
645,607,0
278,1450,0
285,345,0
34,55,0
571,590,0
27,1470,0
450,1017,0
430,620,0
533,1183,0
293,413,0
521,843,0
258,557,0
506,575,0
472,541,0
254,1182,0
618,786,0
172,1137,0
7,1221,0
56,1181,0
35,181,0
664,330,0
580,1104,0
7,25,0
289,555,0
87,411,0
564,585,0
546,316,0
603,796,0
526,533,0
8,1488,0
309,916,0
277,1254,0
539,710,0
385,725,0
126,525,0
698,101,0
472,826,0
174,1055,0
482,823,0
180,511,0
662,1321,0
396,96,0
630,1315,0
439,480,0
286,742,0
182,107,0
542,1087,0
131,806,0
299,955,0
322,1496,0
107,1479,0
159,33,0
69,679,0
220,1484,0
453,1380,0
251,1264,0
515,1324,0
135,1434,0
356,159,0
0,255,0
435,473,0
441,234,0
10,1040,0
616,777,0
20,280,0
205,262,0
1,582,0
5,763,0
107,263,0
644,1380,0
493,1217,0
686,1347,0
189,75,0
455,893,0
588,136,0
278,401,0
589,806,0
552,90,0
374,1435,0
421,384,0
120,929,0
577,66,0
229,261,0
148,57,0
702,1031,0
479,1359,0
666,718,0
294,746,0
585,591,0
163,78,0
381,1461,0
89,823,0
220,439,0
479,805,0
71,949,0
496,1293,0
11,619,0
370,1124,0
97,723,0
661,233,0
632,995,0
202,1405,0
494,936,0
247,1212,0
578,1034,0
610,461,0
30,1507,0
419,149,0
147,51,0
643,275,0
629,1173,0
31,514,0
186,1370,0
175,1240,0
83,804,0
360,1343,0
257,1175,0
437,741,0
485,300,0
624,1493,0
263,1130,0
169,739,0
52,746,0
177,1472,0
188,1234,0
604,409,0
165,229,0
265,780,0
383,357,0
82,417,0
683,1414,0
450,952,0
643,1374,0
27,915,0
240,46,0
223,468,0
694,701,0
462,1058,0
153,509,0
490,235,0
481,529,0
271,23,0
263,926,0
290,1353,0
308,1241,0
391,847,0
336,1259,0
452,1305,0
294,1200,0
90,1413,0
394,33,0
505,721,0
458,83,0
154,290,0
421,236,0
579,783,0
502,651,0
512,202,0
402,1200,0
475,438,0
49,1364,0
284,337,0
293,1194,0
354,278,0
427,166,0
187,1225,0
418,512,0
484,988,0
290,516,0
705,1485,0
180,232,0
521,38,0
210,568,0
193,36,0
505,668,0
181,313,0
559,989,0
161,888,0
663,944,0
665,640,0
465,1083,0
353,5,0
546,129,0
103,133,0
305,1373,0
375,623,0
686,337,0
391,574,0
59,374,0
245,146,0
531,189,0
697,844,0
168,1460,0
51,751,0
138,479,0
29,507,0
671,1085,0
68,574,0
561,228,0
474,382,0
159,1110,0
639,385,0
384,992,0
53,233,0
283,1030,0
561,879,0
107,298,0
325,91,0
409,597,0
68,1425,0
691,910,0
582,1511,0
289,1085,0
211,508,0
156,944,0
145,1025,0
490,1091,0
537,361,0
321,1455,0
611,416,0
185,1313,0
589,69,0
322,87,0
289,278,0
436,1253,0
173,1452,0
243,229,0
537,1383,0
492,715,0
105,1173,0
483,911,0
479,1054,0
469,421,0
375,1481,0
460,428,0
276,208,0
629,361,0
145,1407,0
325,341,0
50,202,0
144,309,0
582,592,0
602,1172,0
539,185,0
56,212,0
114,463,0
675,1434,0
430,84,0
163,1130,0
641,375,0
371,624,0
56,878,0
81,476,0
191,121,0
444,117,0
511,71,0
212,1166,0
237,462,0
104,282,0
582,960,0
142,677,0
518,906,0
162,894,0
92,248,0
53,86,0
243,1192,0
592,846,0
186,318,0
489,870,0
266,1034,0
275,1200,0
366,777,0
266,1219,0
673,1200,0
262,1326,0
452,873,0
566,857,0
262,1303,0
554,1324,0
399,1287,0
393,264,0
569,1032,0
186,1011,0
342,406,0
173,504,0
327,1363,0
95,196,0
37,1497,0
376,342,0
517,0,0
587,72,0
647,521,0
6,1354,0
625,389,0
240,923,0
349,126,0
142,289,0
277,1158,0
607,578,0
288,748,0
67,961,0
527,600,0
89,242,0
634,517,0
241,1018,0
288,812,0
457,1193,0
324,717,0
696,1435,0
393,1059,0
374,245,0
359,1338,0
416,796,0
55,1053,0
688,416,0
144,1091,0
129,1199,0
239,954,0
439,1052,0
205,543,0
560,1087,0
77,983,0
671,281,0
387,2,0
296,383,0
450,586,0
449,967,0
240,569,0
255,1082,0
130,912,0
127,30,0
33,1458,0
265,1408,0
324,90,0
381,1136,0
32,58,0
335,1415,0
516,824,0
246,351,0
57,1303,0
211,303,0
446,756,0
259,1224,0
636,395,0
24,815,0
14,654,0
683,1092,0
550,1196,0
445,441,0
155,6,0
467,150,0
173,1123,0
425,488,0
417,168,0
220,1350,0
220,625,0
156,1118,0
299,684,0
306,90,0
26,1005,0
653,976,0
342,1431,0
289,390,0
652,1321,0
283,951,0
398,259,0
209,386,0
262,545,0
37,1282,0
277,1372,0
122,1351,0
706,1024,0
17,1414,0
87,631,0
116,1086,0
551,1220,0
93,1350,0
161,680,0
455,834,0
144,141,0
630,1015,0
88,257,0
703,1132,0
283,1367,0
164,260,0
608,492,0
651,1014,0
450,1001,0
571,329,0
288,842,0
267,978,0
599,21,0
257,46,0
690,1409,0
648,53,0
182,1439,0
76,740,0
300,1471,0
629,1123,0
604,408,0
119,1442,0
254,1129,0
372,1048,0
493,854,0
5,639,0
453,1236,0
252,299,0
433,409,0
217,226,0
44,1495,0
183,991,0
13,1015,0
697,894,0
607,363,0
574,1323,0
388,601,0
548,925,0
164,904,0
403,997,0
397,752,0
48,1494,0
695,1139,0
636,1090,0
365,913,0
528,1134,0
242,829,0
447,719,0
343,616,0
390,436,0
515,223,0
134,645,0
249,955,0
181,1173,0
476,1380,0
591,117,0
457,948,0
80,225,0
305,684,0
700,117,0
74,1188,0
695,231,0
104,398,0
32,1037,0
445,843,0
183,156,0
163,1222,0
603,1131,0
627,538,0
17,215,0
539,66,0
225,206,0
334,1002,0
703,1045,0
126,682,0
415,1033,0
328,622,0
450,542,0
398,103,0
330,315,0
414,1123,0
118,871,0
572,1172,0
591,770,0
317,380,0
553,862,0
604,479,0
601,46,0
167,446,0
272,306,0
470,277,0
93,134,0
289,346,0
525,1280,0
541,281,0
561,1475,0
371,858,0
577,1075,0
699,263,0
135,535,0
592,648,0
66,832,0
38,1022,0
676,949,0
317,1074,0
380,1373,0
15,1468,0
368,1412,0
232,1456,0
457,751,0
493,701,0
458,1024,0
663,690,0
175,1378,0
454,1056,0
654,1429,0
493,838,0
451,445,0
243,1281,0
476,11,0
80,1119,0
277,282,0
627,1450,0
5,428,0
419,1164,0
34,1281,0
638,847,0
547,1230,0
263,1342,0
597,48,0
340,835,0
344,1310,0
559,251,0
49,148,0
526,1059,0
443,701,0
397,1133,0
268,601,0
456,1071,0
46,721,0
314,396,0
213,936,0
60,829,0
514,395,0
660,1053,0
414,793,0
704,9,0
521,1101,0
450,45,0
438,1329,0
699,1465,0
287,198,0
496,424,0
263,170,0
171,39,0
158,1101,0
599,51,0
43,992,0
182,1281,0
223,570,0
523,710,0
75,1405,0
425,113,0
462,715,0
304,871,0
543,933,0
172,417,0
270,490,0
503,731,0
697,879,0
601,435,0
605,54,0
94,51,0
110,197,0
322,1474,0
529,1292,0
343,715,0
584,995,0
107,803,0
546,719,0
100,60,0
239,545,0
151,1204,0
21,1504,0
397,1247,0
32,94,0
42,73,0
128,1267,0
599,1030,0
184,28,0
524,307,0
313,1183,0
653,1040,0
9,865,0
21,180,0
591,766,0
487,736,0
177,400,0
140,810,0
119,876,0
650,330,0
367,1107,0
578,1387,0
347,758,0
638,1222,0
401,1190,0
464,621,0
505,7,0
368,887,0
635,883,0
478,1184,0
39,683,0
291,1080,0
488,483,0
133,1369,0
115,643,0
438,1295,0
79,400,0
438,1455,0
15,142,0
551,349,0
592,807,0
121,460,0
296,190,0
448,1078,0
422,621,0
232,960,0
112,288,0
410,176,0
416,1256,0
298,563,0
90,252,0
238,39,0
461,428,0
346,792,0
607,214,0
8,813,0
623,648,0
221,1411,0
541,951,0
19,1411,0
239,332,0
485,45,0
134,608,0
157,192,0
410,855,0
42,79,0
289,1214,0
376,253,0
5,214,0
248,878,0
428,335,0
156,1302,0
553,106,0
452,1249,0
524,61,0
37,663,0
272,1362,0
574,1402,0
461,920,0
277,205,0
457,417,0
281,745,0
312,1002,0
589,1493,0
312,602,0
636,508,0
41,1363,0
109,0,0
611,933,0
247,369,0
367,978,0
563,586,0
523,709,0
558,1353,0
598,1134,0
173,881,0
377,899,0
457,799,0
580,172,0
306,591,0
249,1377,0
624,999,0
650,876,0
315,708,0
241,26,0
460,799,0
698,555,0
318,947,0
88,893,0
9,981,0
439,627,0
509,1089,0
308,1019,0
244,1098,0
349,866,0
57,569,0
191,912,0
69,443,0
231,972,0
433,1441,0
161,980,0
478,1126,0
363,694,0
503,432,0
314,1467,0
122,577,0
463,1018,0
628,1042,0
94,489,0
1,1508,0
147,1452,0
311,935,0
208,840,0
610,632,0
108,914,0
702,273,0
249,1374,0
434,336,0
485,703,0
484,745,0
88,220,0
671,821,0
320,226,0
312,1194,0
530,986,0
388,157,0
135,1189,0
324,1015,0
211,6,0
394,638,0
42,1102,0
669,631,0
391,1309,0
599,729,0
118,1227,0
0,811,0
423,451,0
579,548,0
544,1312,0
238,651,0
77,1304,0
38,179,0
566,1402,0
124,523,0
442,1253,0
604,1029,0
633,1124,0
28,406,0
509,1132,0
533,1308,0
687,166,0
636,1063,0
431,1191,0
441,818,0
477,147,0
218,699,0
409,953,0
488,115,0
473,1318,0
655,1046,0
571,1490,0
238,439,0
373,1056,0
636,1492,0
143,23,0
675,348,0
404,837,0
168,506,0
183,1207,0
494,27,0
49,12,0
187,813,0
538,238,0
601,1200,0
19,509,0
600,630,0
84,121,0
323,717,0
704,1369,0
663,124,0
627,949,0
316,604,0
46,1447,0
368,835,0
667,256,0
0,1064,0
67,1507,0
169,1187,0
6,1435,0
40,901,0
233,232,0
560,423,0
264,472,0
419,1223,0
621,1478,0
530,414,0
541,1100,0
41,119,0
70,536,0
478,1316,0
368,1084,0
511,689,0
178,750,0
39,1127,0
279,1351,0
612,46,0
223,814,0
242,1419,0
236,1333,0
291,291,0
292,381,0
372,805,0
302,1277,0
301,193,0
478,99,0
262,951,0
25,728,0
435,1478,0
59,1225,0
247,680,0
623,1307,0
381,85,0
344,900,0
164,911,0
142,687,0
305,1480,0
154,895,0
272,546,0
499,419,0
508,18,0
244,465,0
439,1467,0
347,1081,0
207,1222,0
555,96,0
117,853,0
241,929,0
653,1117,0
543,1278,0
137,1483,0
125,1496,0
702,35,0
540,264,0
636,318,0
305,825,0
618,553,0
619,1298,0
667,946,0
214,1338,0
216,470,0
556,1470,0
70,1028,0
696,717,0
660,1492,0
146,490,0
499,1337,0
215,49,0
506,718,0
168,591,0
608,1148,0
156,459,0
281,955,0
651,1405,0
275,302,0
275,274,0
654,372,0
478,196,0
570,260,0
570,1034,0
476,785,0
687,566,0
95,1138,0
52,1492,0
20,634,0
148,674,0
647,420,0
68,628,0
424,541,0
707,369,0
215,523,0
574,729,0
644,1475,0
183,211,0
200,473,0
374,531,0
602,1059,0
545,1406,0
529,966,0
244,346,0
206,724,0
628,77,0
284,710,0
535,971,0
159,989,0
683,1030,0
377,739,0
621,114,0
349,155,0
511,958,0
236,1258,0
395,409,0
67,905,0
36,861,0
706,1284,0
57,464,0
189,885,0
397,72,0
289,600,0
607,385,0
21,795,0
212,140,0
698,1337,0
310,78,0
70,579,0
590,564,0
411,548,0
634,107,0
436,749,0
259,2,0
6,1289,0
654,1056,0
687,1046,0
212,569,0
62,454,0
18,1065,0
239,887,0
216,1505,0
61,433,0
305,3,0
164,1341,0
645,561,0
365,981,0
376,376,0
404,53,0
530,557,0
6,474,0
397,146,0
349,1387,0
457,1177,0
399,540,0
120,1460,0
299,1182,0
598,23,0
136,700,0
56,375,0
514,1228,0
360,13,0
239,990,0
115,186,0
158,400,0
311,1178,0
429,1248,0
230,1245,0
365,85,0
535,605,0
431,1260,0
383,574,0
519,948,0
71,2,0
698,376,0
451,381,0
221,1413,0
116,486,0
142,93,0
284,980,0
300,466,0
565,1392,0
699,1406,0
601,1143,0
17,232,0
509,65,0
387,1324,0
158,1000,0
696,1403,0
577,875,0
216,35,0
313,1274,0
203,1037,0
482,403,0
166,1365,0
445,1051,0
417,1393,0
170,155,0
499,123,0
154,119,0
405,1060,0
194,1348,0
342,1414,0
155,1229,0
74,485,0
581,921,0
459,1170,0
631,1296,0
554,1196,0
559,14,0
187,143,0
404,976,0
589,1435,0
53,321,0
443,84,0
321,352,0
137,186,0
489,53,0
218,788,0
23,789,0
84,364,0
361,511,0
596,215,0
687,586,0
511,239,0
334,397,0
191,324,0
638,260,0
343,1399,0
577,313,0
469,845,0
514,919,0
555,1238,0
574,296,0
341,1018,0
158,1343,0
299,1172,0
83,155,0
698,916,0
64,1053,0
549,893,0
22,492,0
652,1471,0
453,752,0
166,653,0
255,178,0
146,1071,0
525,48,0
508,488,0
521,784,0
238,812,0
97,1036,0
539,142,0
101,1423,0
368,70,0
45,149,0
473,171,0
595,762,0
263,586,0
36,139,0
341,1023,0
161,1233,0
619,756,0
307,632,0
61,36,0
700,308,0
575,1019,0
271,397,0
472,1324,0
383,1235,0
638,1403,0
108,874,0
159,1154,0
11,955,0
643,1266,0
439,807,0
656,874,0
181,557,0
391,193,0
378,1148,0
385,291,0
323,1341,0
637,274,0
134,1384,0
429,352,0
184,987,0
520,1346,0
111,363,0
247,761,0
674,62,0
270,1384,0
48,629,0
166,1453,0
194,880,0
641,458,0
470,12,0
108,1314,0
349,846,0
48,465,0
632,948,0
609,596,0
8,626,0
437,419,0
296,961,0
95,440,0
224,698,0
625,77,0
626,931,0
545,1169,0
397,155,0
381,1001,0
634,468,0
424,1199,0
202,260,0
224,1144,0
628,1304,0
704,1292,0
73,226,0
120,769,0
450,712,0
435,413,0
180,1147,0
428,839,0
365,738,0
468,331,0
147,433,0
540,844,0
562,1509,0
234,555,0
683,712,0
574,154,0
443,336,0
419,415,0
