120 872
175 1115
240 816
182 1168
499 949
292 1648
672 1875
569 734
153 781
423 1875
694 1076
101 1034
268 1397
573 1025
426 850
651 832
30 766
382 1019
16 1138
46 1888
138 1706
603 806
572 1126
154 1074
232 999
196 1220
441 1404
668 1697
321 891
120 1169
526 894
616 1038
341 816
251 909
332 807
530 852
71 952
19 827
271 1701
175 996
410 891
579 1344
317 1034
640 1023
363 775
50 1038
25 1857
310 1695
593 891
317 902
449 986
69 986
101 1169
616 902
40 1004
50 720
185 1036
564 940
138 1088
639 1313
561 756
97 827
148 791
523 1168
132 1910
184 1138
626 964
689 984
584 756
505 816
206 1038
48 883
396 1695
433 1892
537 987
175 1138
141 721
370 751
631 1191
616 757
93 964
294 1102
671 940
596 1129
229 1167
43 1129
588 1143
171 1143
278 1167
429 1043
275 1862
220 1348
477 720
550 1213
225 873
291 1694
520 1030
123 872
588 1034
32 996
428 1169
549 1074
310 779
349 809
344 945
550 1160
46 1886
393 1150
96 951
268 1343
546 1025
580 914
260 775
227 832
48 791
292 1705
333 797
659 724
165 1068
48 1034
194 806
437 1070
473 896
593 1019
614 1167
634 1205
662 1030
126 981
23 714
291 1070
457 1167
340 1082
277 872
46 1023
461 718
183 1878
698 1205
110 1876
581 1693
529 753
507 1630
214 950
368 827
371 1034
697 1719
588 720
12 1875
101 1017
624 902
340 1036
262 1108
506 734
294 806
271 956
544 1074
429 742
611 1132
594 1562
564 986
78 742
14 977
292 1703
668 1874
552 806
361 1630
137 1126
276 1023
431 816
388 1697
622 710
376 940
80 825
406 1856
12 1874
431 986
623 1160
460 1129
381 1696
388 1877
436 823
458 1169
4 1138
368 848
368 2210
564 996
334 1027
242 873
423 1877
86 852
424 1070
99 853
569 1291
560 827
271 734
588 1038
75 893
110 1695
586 1038
175 847
329 1143
144 1876
2 1032
410 1019
17 1102
161 1635
405 858
677 757
22 1262
693 874
145 1017
585 951
138 1704
434 1158
271 757
121 1276
421 883
587 775
623 1069
76 951
148 964
581 981
364 718
64 1882
266 1394
136 1036
616 1269
356 1226
243 734
43 1695
658 827
12 1695
22 1127
691 986
87 1169
151 1201
330 757
268 821
477 786
224 775
329 1034
22 968
631 1192
120 734
20 1768
93 1882
340 1143
637 1204
529 964
185 720
511 883
175 986
523 981
618 846
507 1632
8 1692
508 1325
532 1098
446 1714
48 902
280 1035
120 1030
483 714
400 1143
50 1082
144 1129
110 1696
48 1076
381 1560
346 768
337 823
373 1030
306 1875
94 1565
120 1034
425 951
319 1088
93 1066
316 1115
299 1202
310 1696
281 1224
101 757
340 902
668 779
621 757
116 780
160 757
668 1010
43 1878
60 1168
616 1017
321 1019
158 739
64 1881
68 1434
637 821
286 1404
31 1109
289 964
423 779
299 2212
548 1065
694 929
668 981
429 1714
22 1147
678 1143
365 718
338 1131
295 1082
554 802
339 1624
136 1115
341 727
255 994
178 718
50 964
43 1697
203 1910
463 741
613 926
242 806
62 714
225 1138
587 904
49 1076
265 1102
544 1138
704 1150
144 1877
398 1150
428 873
571 897
504 1221
16 1070
590 1069
330 986
120 1143
140 1028
557 781
243 940
271 996
140 903
247 858
691 1066
624 964
54 946
204 858
50 873
50 1034
631 1193
565 969
637 793
420 1048
48 1017
90 951
179 858
170 872
24 734
569 1102
143 1701
499 1701
493 1000
662 757
655 846
188 1827
523 1878
654 996
561 1377
388 1010
202 1066
377 757
686 1138
172 1066
612 1278
156 1168
367 1180
564 873
183 1874
84 997
462 872
153 1088
335 883
650 1030
