15 1630
393 951
432 796
58 1017
433 1630
668 1696
292 756
423 1874
588 1082
431 1138
584 816
101 964
694 1038
420 1447
330 1030
401 1116
125 964
443 964
48 1269
537 979
85 1201
686 986
626 1174
128 979
190 858
662 734
58 931
310 1876
444 902
120 792
340 720
384 786
595 1428
257 1102
694 1269
228 720
455 1082
509 858
120 1082
627 1630
474 954
599 1102
43 1168
35 1169
203 781
15 1138
197 832
133 1702
582 1134
41 1025
287 1150
189 1165
389 2083
156 1010
625 747
537 1404
564 768
343 1074
217 1278
58 902
329 964
446 915
516 858
123 1321
678 964
669 1630
40 1035
135 993
97 1282
455 1169
174 1115
123 1036
575 756
298 926
382 891
595 775
532 1281
393 1066
93 996
565 1235
165 893
624 791
50 1169
356 1373
451 1070
550 956
645 1258
465 872
110 779
271 1030
564 872
672 1695
327 718
308 1134
624 940
68 1190
616 1076
392 847
423 1695
116 1254
580 1070
628 846
433 1896
433 1019
573 1450
406 810
597 873
194 1102
181 1138
309 1167
135 994
682 781
58 720
23 1132
524 940
523 1696
367 1183
616 1030
210 1486
668 1875
329 872
433 891
573 1335
643 816
130 757
506 1030
302 756
371 791
433 1894
442 1150
685 806
12 1877
561 1389
523 1695
281 897
423 1129
316 964
289 872
462 996
92 1169
138 1701
314 1737
3 1035
371 720
175 1882
473 1003
347 949
311 1299
520 734
236 733
613 1143
251 1522
306 1696
170 1624
252 1036
553 950
671 734
603 1102
93 1343
617 1131
302 720
524 847
396 1876
43 1876
322 1150
396 1874
289 996
35 931
587 1167
325 1066
516 718
183 1695
48 1082
316 996
624 1036
145 1143
694 996
504 1356
120 996
251 718
251 858
552 756
597 872
599 806
455 971
120 1269
77 807
60 1019
588 1017
346 996
202 1150
511 948
695 828
121 1322
110 1877
100 1150
95 1167
523 1697
626 986
677 873
332 883
607 779
588 873
641 806
292 1701
415 741
213 806
46 1884
97 718
678 720
31 945
694 873
6 832
357 1624
16 1017
88 858
444 1034
520 757
242 1102
93 951
637 726
20 1246
444 949
144 779
579 1253
544 986
617 734
87 1082
580 986
499 1706
694 768
89 1148
2 878
616 1036
272 720
315 997
680 1473
340 873
83 756
130 1030
312 872
93 940
616 720
654 954
623 998
564 1034
423 1168
343 1036
650 1131
575 1115
680 987
694 931
528 1910
377 1131
110 1874
48 734
255 1097
382 1891
294 1115
624 1076
143 1702
638 1693
365 858
164 893
537 742
176 822
389 996
433 1893
0 783
477 1143
306 981
310 1877
42 911
669 1074
108 986
398 951
60 905
637 721
12 1168
128 766
120 847
389 1143
329 931
251 1236
325 1150
93 1881
97 1522
523 1876
101 1143
524 757
396 1878
290 1131
120 929
271 1115
553 1025
575 1036
168 1257
13 806
690 1445
567 1036
25 810
221 1362
580 1018
35 1082
272 1143
339 954
69 1074
541 949
569 996
340 872
359 816
466 883
496 961
322 1066
543 1074
72 986
264 951
368 727
103 1719
483 1648
225 996
521 1718
335 1030
458 873
97 858
183 779
486 1025
261 1136
14 972
324 996
17 806
499 1329
292 911
85 1168
553 1110
188 1846
683 772
185 873
528 1205
559 1167
252 996
204 718
145 964
299 2214
499 1859
644 950
617 1624
458 806
299 2216
561 806
50 872
111 718
631 715
437 1143
606 806
135 722
90 1066
191 902
292 956
291 1292
225 1030
374 987
347 1069
271 940
62 843
93 1115
38 823
74 1168
125 1066
228 986
10 1872
61 756
264 1066
346 872
597 1115
171 996
422 1167
574 1074
250 768
206 720
624 1017
10 1202
176 790
234 1560
219 816
175 734
25 1856
524 996
16 951
85 1693
624 996
184 986
433 1895
170 1102
684 1494
677 964
626 931
514 1167
329 1087
15 1632
630 1268
176 945
96 1066
432 756
454 1082
694 1143
286 987
394 1072
138 1705
444 1102
573 998
347 1160
539 1910
202 951
356 1435
521 1321
661 1349
199 1565
669 902
618 724
93 1030
206 1143
9 1074
454 971
545 973
631 821
239 897
301 741
275 1297
659 789
579 1559
62 1404
183 1697
302 996
31 751
283 844
675 797
332 1074
624 757
389 1329
15 986
526 1023
316 1036
607 1696
165 894
597 1143
393 1271
146 757
672 1874
382 1222
41 998
383 810
433 1891
324 1036
272 949
19 1452
101 1269
0 820
225 986
581 1168
407 768
329 1169
315 891
704 1066
58 1143
143 956
48 1143
694 1169
588 1115
569 986
26 756
477 1074
548 987
396 1877
133 1701
93 1138
469 810
580 933
449 1074
123 1102
523 1875
433 1561
93 1883
340 929
268 966
299 2213
637 966
245 872
373 757
183 1010
201 1030
101 847
573 1168
133 1648
522 827
346 1076
185 1143
597 931
148 929
160 1017
148 931
131 883
413 874
233 718
138 1702
529 931
656 1126
16 1066
495 827
549 1138
330 964
330 1138
7 1167
299 1693
125 872
420 997
58 1034
123 1034
100 1070
441 987
275 1156
346 964
289 873
64 816
49 931
579 1332
311 832
176 751
569 757
172 914
255 814
310 1874
93 873
672 1010
148 1082
101 734
83 1110
597 791
148 1034
413 803
361 852
225 734
564 964
347 1168
623 1168
292 1704
624 1038
115 1853
495 848
306 1876
607 1877
76 1066
381 1697
388 1874
523 1129
251 1723
226 1491
285 893
310 1697
180 848
431 1030
225 847
175 1881
404 1167
12 981
133 956
607 1010
370 822
546 2089
148 872
367 1168
405 718
428 1150
148 1038
189 775
261 858
31 822
16 734
87 873
254 984
374 1254
48 929
587 781
121 1567
24 757
502 1344
322 951
430 849
293 781
691 951
306 1168
356 1453
550 1706
2 1161
655 1630
680 1404
140 1088
366 832
600 1134
64 1030
123 806
391 1028
590 1168
151 1183
120 1087
259 1696
101 720
188 858
160 964
429 1054
370 790
283 1125
564 902
61 1134
652 1415
459 807
546 756
542 893
344 718
344 858
228 872
238 1870
561 1296
183 981
206 948
101 872
266 1425
607 1168
597 902
564 1017
12 779
546 2090
597 1034
85 1180
400 720
423 1878
58 872
58 873
302 1143
228 757
616 1115
550 1701
243 847
148 1169
138 1910
35 971
432 816
424 835
183 1876
524 1030
147 827
255 1234
573 1333
83 956
136 996
23 1254
354 1289
255 1141
158 1695
292 1138
441 1858
242 1321
306 1874
444 872
130 847
700 736
294 1034
499 1088
151 1180
567 1017
686 914
393 911
60 891
110 1875
433 1562
297 823
211 832
546 710
495 858
101 902
627 1632
183 1875
112 1028
424 1135
148 1017
329 1082
257 1036
50 1143
595 1165
92 1082
580 807
183 1168
122 775
509 1137
65 816
72 1138
27 897
268 1203
48 1038
616 791
663 1167
379 1150
546 859
120 720
374 1404
616 1082
120 1038
624 1082
154 986
22 889
617 1030
412 1102
396 1168
579 955
355 999
144 1697
122 781
428 883
624 1143
502 741
110 1697
23 987
101 1082
567 1138
696 951
388 1696
46 1885
36 1134
597 1036
174 756
486 891
5 741
217 1148
325 951
292 1706
271 1859
442 951
19 1911
93 986
378 969
201 757
496 1318
120 883
340 1034
570 1074
43 1875
671 847
125 1017
575 996
495 718
588 872
592 806
356 1880
172 967
48 720
388 1129
144 1875
49 1017
299 1624
68 1763
692 766
244 858
58 929
302 964
654 986
546 946
609 1566
146 1030
539 1217
616 940
570 1872
660 954
573 946
101 940
597 1038
597 996
10 1131
351 766
134 954
685 1102
616 872
442 1066
497 872
62 810
631 1231
281 893
691 1138
477 791
335 1131
388 779
480 858
592 1102
109 1115
352 1383
141 916
50 1017
588 1169
96 1150
396 1010
141 1067
48 1169
367 981
601 1874
564 1115
523 1010
58 791
392 757
143 1706
299 954
451 948
101 1036
388 1168
46 1887
524 734
616 996
310 1878
8 829
696 1066
245 902
121 1020
454 1169
191 1034
299 1131
101 996
631 958
358 1134
503 1289
564 1036
175 1030
294 996
141 793
100 951
85 1183
472 757
2 854
553 1126
374 1378
597 1076
329 720
537 1371
496 1350
316 1143
43 981
423 1876
367 1010
144 1010
550 949
379 951
368 718
276 894
193 740
179 718
671 1030
26 1402
573 1869
621 1143
486 950
48 996
549 986
396 1875
261 1316
50 929
564 734
167 1134
271 1706
262 1626
541 756
486 1525
120 964
573 1070
252 1115
329 1017
380 718
506 847
230 851
12 1696
43 1877
111 1072
49 964
469 1404
144 1874
606 1102
616 929
521 1717
31 790
601 1168
35 873
376 1030
581 1180
140 775
175 940
661 775
50 1076
135 814
178 858
564 1030
661 781
146 1131
528 1035
564 931
279 714
175 757
299 2215
384 782
279 1254
668 1878
420 868
492 1125
433 1560
514 2211
233 858
668 1877
463 827
588 964
292 984
269 1167
251 848
306 1878
521 1277
368 1417
183 1696
300 775
491 858
12 1878
496 848
38 1110
10 1873
253 1167
621 753
395 806
615 714
396 1697
388 1878
669 1034
669 1632
406 1857
444 996
361 1313
397 964
376 757
93 734
291 1178
109 1036
536 1749
543 1138
57 1102
287 1066
329 791
340 1038
624 872
19 842
287 798
569 1030
624 720
597 964
58 964
12 1697
532 1889
288 1054
16 1150
469 1065
115 1566
378 857
564 1143
93 1236
15 1074
324 1115
93 757
68 1220
303 816
120 1076
521 1253
668 1876
364 858
275 1861
458 1102
431 807
374 714
306 1010
12 1010
41 1160
82 751
363 1278
424 1168
126 1168
672 1168
509 1108
43 779
569 1138
82 1109
228 996
667 1108
31 1085
41 1168
85 1010
133 1706
694 1102
569 940
43 1010
46 1746
658 1316
82 945
471 1134
275 1863
393 949
433 1213
566 1030
694 806
478 1624
225 940
423 1010
401 1858
672 779
170 996
302 1036
485 1169
314 1134
491 718
672 1876
236 1008
151 1010
574 883
391 1167
588 902
190 1446
306 1877
92 931
242 1169
397 954
120 902
90 1150
193 759
64 757
566 757
110 1168
295 1169
363 1165
537 1473
127 806
433 1742
110 981
330 940
268 1204
50 931
264 1150
508 1904
16 986
10 1201
65 1148
499 1213
540 1035
669 1138
32 1036
86 1223
569 806
569 964
396 1696
255 993
661 820
57 806
316 986
22 1157
423 981
521 1102
431 1074
12 1129
286 1473
376 734
329 873
226 789
616 847
122 1028
345 816
567 964
505 1232
123 1115
238 1869
481 750
445 768
292 1702
295 873
367 1201
581 1183
329 1038
389 1087
244 718
570 986
103 1103
289 1017
2 1238
159 1143
58 1082
669 772
616 1169
588 929
43 1696
375 1091
607 1878
524 949
49 873
388 1695
43 1874
175 964
2 1026
333 1847
596 1010
588 791
196 1190
332 1131
696 1150
624 1169
668 1168
152 980
112 1167
499 956
110 1878
411 718
295 971
330 847
228 1143
468 1364
631 1194
102 806
48 1030
151 1168
257 806
120 940
185 964
14 1698
553 891
222 1134
594 816
607 1876
160 1030
573 1018
271 1036
632 863
534 1030
251 1562
585 1150
564 757
330 734
50 791
607 1697
361 1632
694 964
268 715
92 872
292 816
292 1110
523 1874
262 1430
610 756
573 1365
694 1017
396 779
348 816
616 1143
174 996
120 1036
110 1010
607 1695
638 1201
160 734
148 873
454 873
694 720
529 1017
71 1167
286 1254
652 1355
396 981
694 1034
154 1138
41 1069
669 986
521 806
151 981
691 883
329 929
369 741
428 753
596 1168
486 1019
561 1102
123 902
172 948
101 1076
299 1872
616 883
672 1697
567 872
64 734
273 781
108 1138
541 1143
63 736
201 940
400 949
424 974
398 1066
12 1876
38 1072
118 789
271 847
271 949
120 757
300 1165
588 996
703 872
176 1109
511 1070
83 796
144 1878
550 1702
534 734
425 1150
279 843
141 729
624 929
392 734
70 1054
486 1742
225 964
195 1143
423 1696
672 981
641 1102
126 1010
631 1195
409 816
109 996
14 1699
172 933
191 872
496 802
622 1167
536 831
50 902
130 734
658 747
585 1280
289 1138
310 981
650 734
213 1102
132 816
260 1028
498 1030
120 1017
163 1035
703 996
597 1082
48 964
707 1035
624 1034
332 1070
624 847
535 807
48 847
164 897
638 1872
183 1877
340 1017
436 827
138 956
411 858
523 1877
573 1870
475 1102
534 757
590 998
47 816
309 1088
380 858
261 1354
477 929
280 1345
693 803
508 747
52 816
201 847
491 1854
243 1030
76 1150
448 964
500 1121
141 966
144 981
425 1066
427 1126
48 873
567 996
433 816
602 2007
101 1030
626 1017
255 908
633 1167
667 987
24 1030
624 1269
624 873
243 757
595 1381
69 1138
675 1430
616 964
35 1076
93 1160
138 1703
309 781
381 1562
265 806
121 1568
28 772
228 1138
460 1168
567 986
624 734
476 757
14 1700
281 1460
350 883
11 734
439 1082
597 1017
294 1036
185 996
694 872
340 964
590 1160
374 810
597 720
40 1708
418 832
66 1156
372 1150
484 1134
257 996
694 902
85 981
668 1695
379 1066
561 996
220 858
174 1036
145 720
579 1354
299 1201
19 1564
127 1102
661 1028
340 996
499 1702
310 1168
616 1034
450 1102
225 1115
581 1010
541 1038
554 823
494 1167
120 873
65 807
652 1185
488 894
10 1871
306 1695
130 940
499 1860
58 1169
419 1027
362 757
574 1070
317 872
607 1875
291 1445
597 1169
439 1169
316 1169
567 873
371 872
151 1693
448 1143
125 883
585 1066
101 883
395 1102
637 1203
622 748
195 873
148 720
93 847
206 964
10 1693
530 829
316 872
368 858
585 775
101 1038
252 756
433 1632
144 1696
622 952
88 718
201 734
628 724
46 894
306 779
672 1696
506 940
148 902
586 1143
194 756
433 1525
128 1316
616 734
564 847
624 1030
310 1875
299 1873
93 872
367 1693
34 1138
62 1254
569 847
637 916
676 1027
306 1697
579 1417
576 1134
672 1878
504 1909
389 949
255 722
87 971
702 781
48 940
672 1877
677 1143
144 1695
176 1085
654 772
461 858
312 996
652 1300
523 779
245 1034
423 1697
626 1138
327 858
433 984
184 1074
509 1369
78 807
392 1030
268 1730
613 1070
669 872
538 1035
485 1082
225 757
427 997
101 791
329 902
48 1036
518 1134
478 954
408 1103
349 770
624 883
370 1085
597 929
616 873
480 718
631 966
522 823
11 757
58 1038
9 772
561 802
489 1566
310 1010
506 757
671 757
371 902
588 1036
148 1143
286 714
337 827
158 1135
581 1201
552 1213
524 964
388 1875
141 821
210 1481
134 1624
205 768
261 718
469 1639
62 987
101 873
496 1423
574 807
294 872
101 929
526 1774
48 757
392 940
691 1150
567 1074
270 781
349 1130
441 1473
176 878
123 996
228 1168
564 1138
316 1082
144 1168
317 1868
114 1025
477 1038
431 757
479 1566
524 1143
268 1382
588 931
46 850
48 872
299 1871
607 1874
255 909
316 1034
388 1876
74 1034
375 988
