393 951
432 796
58 1017
120 872
668 1696
292 756
423 1874
175 1115
431 1138
584 816
101 964
240 816
420 1447
330 1030
401 1116
182 1168
443 964
48 1269
537 979
499 949
686 986
626 1174
128 979
292 1648
662 734
58 931
310 1876
672 1875
120 792
340 720
384 786
569 734
257 1102
694 1269
228 720
153 781
509 858
120 1082
627 1630
423 1875
599 1102
43 1168
35 1169
694 1076
15 1138
197 832
133 1702
101 1034
41 1025
287 1150
189 1165
268 1397
156 1010
625 747
537 1404
573 1025
343 1074
217 1278
58 902
426 850
446 915
516 858
123 1321
651 832
669 1630
40 1035
135 993
30 766
455 1169
174 1115
123 1036
382 1019
298 926
382 891
595 775
16 1138
393 1066
93 996
565 1235
46 1888
624 791
50 1169
356 1373
138 1706
550 956
645 1258
465 872
603 806
271 1030
564 872
672 1695
572 1126
308 1134
624 940
68 1190
154 1074
392 847
423 1695
116 1254
232 999
628 846
433 1896
433 1019
196 1220
406 810
597 873
194 1102
441 1404
309 1167
135 994
682 781
668 1697
23 1132
524 940
523 1696
321 891
616 1030
210 1486
668 1875
120 1169
433 891
573 1335
643 816
526 894
506 1030
302 756
371 791
616 1038
442 1150
685 806
12 1877
341 816
523 1695
281 897
423 1129
251 909
289 872
462 996
92 1169
332 807
314 1737
3 1035
371 720
530 852
473 1003
347 949
311 1299
71 952
236 733
613 1143
251 1522
19 827
170 1624
252 1036
553 950
271 1701
603 1102
93 1343
617 1131
175 996
524 847
396 1876
43 1876
410 891
396 1874
289 996
35 931
579 1344
325 1066
516 718
183 1695
317 1034
316 996
624 1036
145 1143
640 1023
504 1356
120 996
251 718
363 775
552 756
597 872
599 806
50 1038
120 1269
77 807
60 1019
25 1857
346 996
202 1150
511 948
310 1695
121 1322
110 1877
100 1150
593 891
523 1697
626 986
677 873
317 902
607 779
588 873
641 806
449 986
415 741
213 806
46 1884
69 986
678 720
31 945
694 873
101 1169
357 1624
16 1017
88 858
616 902
520 757
242 1102
93 951
40 1004
20 1246
444 949
144 779
50 720
544 986
617 734
87 1082
185 1036
499 1706
694 768
89 1148
564 940
616 1036
272 720
315 997
138 1088
340 873
83 756
130 1030
639 1313
93 940
616 720
654 954
561 756
564 1034
423 1168
343 1036
97 827
575 1115
680 987
694 931
148 791
377 1131
110 1874
48 734
523 1168
382 1891
294 1115
624 1076
132 1910
638 1693
365 858
164 893
184 1138
176 822
389 996
433 1893
626 964
477 1143
306 981
310 1877
689 984
669 1074
108 986
398 951
584 756
637 721
12 1168
128 766
505 816
389 1143
329 931
251 1236
206 1038
93 1881
97 1522
523 1876
48 883
524 757
396 1878
290 1131
396 1695
271 1115
553 1025
575 1036
433 1892
13 806
690 1445
567 1036
537 987
221 1362
580 1018
35 1082
175 1138
339 954
69 1074
541 949
141 721
340 872
359 816
466 883
370 751
322 1066
543 1074
72 986
631 1191
368 727
103 1719
483 1648
616 757
521 1718
335 1030
458 873
93 964
183 779
486 1025
261 1136
294 1102
324 996
17 806
499 1329
671 940
85 1168
553 1110
188 1846
596 1129
185 873
528 1205
559 1167
229 1167
204 718
145 964
299 2214
43 1129
644 950
617 1624
458 806
588 1143
561 806
50 872
111 718
171 1143
437 1143
606 806
135 722
278 1167
191 902
292 956
291 1292
429 1043
374 987
347 1069
271 940
275 1862
93 1115
38 823
74 1168
220 1348
228 986
10 1872
61 756
477 720
346 872
597 1115
171 996
550 1213
574 1074
250 768
206 720
225 873
10 1202
176 790
234 1560
291 1694
175 734
25 1856
524 996
520 1030
85 1693
624 996
184 986
123 872
170 1102
684 1494
677 964
588 1034
514 1167
329 1087
15 1632
32 996
176 945
96 1066
432 756
428 1169
694 1143
286 987
394 1072
549 1074
444 1102
573 998
347 1160
310 779
202 951
356 1435
521 1321
349 809
199 1565
669 902
618 724
344 945
206 1143
9 1074
454 971
550 1160
631 821
239 897
301 741
46 1886
659 789
579 1559
62 1404
393 1150
302 996
31 751
283 844
96 951
332 1074
624 757
389 1329
268 1343
526 1023
316 1036
607 1696
546 1025
597 1143
393 1271
146 757
580 914
382 1222
41 998
383 810
260 775
324 1036
272 949
19 1452
227 832
0 820
225 986
581 1168
48 791
329 1169
315 891
704 1066
292 1705
143 956
48 1143
694 1169
333 797
569 986
26 756
477 1074
659 724
396 1877
133 1701
93 1138
165 1068
580 933
449 1074
123 1102
48 1034
433 1561
93 1883
340 929
194 806
299 2213
637 966
245 872
437 1070
183 1010
201 1030
101 847
473 896
133 1648
522 827
346 1076
593 1019
597 931
148 929
160 1017
614 1167
131 883
413 874
233 718
634 1205
529 931
656 1126
16 1066
662 1030
549 1138
330 964
330 1138
126 981
299 1693
125 872
420 997
23 714
123 1034
100 1070
441 987
291 1070
346 964
289 873
64 816
457 1167
579 1332
311 832
176 751
340 1082
172 914
255 814
310 1874
277 872
672 1010
148 1082
101 734
46 1023
597 791
148 1034
413 803
461 718
225 734
564 964
347 1168
183 1878
292 1704
624 1038
115 1853
698 1205
306 1876
607 1877
76 1066
110 1876
388 1874
523 1129
251 1723
581 1693
285 893
310 1697
180 848
529 753
225 847
175 1881
404 1167
507 1630
133 956
607 1010
370 822
214 950
148 872
367 1168
405 718
368 827
148 1038
189 775
261 858
371 1034
16 734
87 873
254 984
697 1719
48 929
587 781
121 1567
588 720
502 1344
322 951
430 849
12 1875
691 951
306 1168
356 1453
101 1017
2 1161
655 1630
680 1404
624 902
366 832
600 1134
64 1030
340 1036
391 1028
590 1168
151 1183
262 1108
259 1696
101 720
188 858
506 734
429 1054
370 790
283 1125
294 806
61 1134
652 1415
459 807
271 956
542 893
344 718
344 858
544 1074
238 1870
561 1296
183 981
429 742
101 872
266 1425
607 1168
611 1132
564 1017
12 779
546 2090
594 1562
85 1180
400 720
423 1878
564 986
58 873
302 1143
228 757
78 742
550 1701
243 847
148 1169
14 977
35 971
432 816
424 835
292 1703
524 1030
147 827
255 1234
668 1874
83 956
136 996
23 1254
552 806
255 1141
158 1695
292 1138
361 1630
242 1321
306 1874
444 872
137 1126
700 736
294 1034
499 1088
276 1023
567 1017
686 914
393 911
431 816
110 1875
433 1562
297 823
388 1697
546 710
495 858
101 902
622 710
183 1875
112 1028
424 1135
376 940
329 1082
257 1036
50 1143
80 825
92 1082
580 807
183 1168
406 1856
509 1137
65 816
72 1138
12 1874
268 1203
48 1038
616 791
431 986
379 1150
546 859
120 720
623 1160
616 1082
120 1038
624 1082
460 1129
22 889
617 1030
412 1102
381 1696
579 955
355 999
144 1697
388 1877
428 883
624 1143
502 741
436 823
23 987
101 1082
567 1138
458 1169
388 1696
46 1885
36 1134
4 1138
174 756
486 891
5 741
368 848
325 951
292 1706
271 1859
368 2210
19 1911
93 986
378 969
564 996
496 1318
120 883
340 1034
334 1027
43 1875
671 847
125 1017
242 873
495 718
588 872
592 806
423 1877
172 967
48 720
388 1129
86 852
49 1017
299 1624
68 1763
424 1070
244 858
58 929
302 964
99 853
546 946
609 1566
146 1030
569 1291
616 940
570 1872
660 954
560 827
101 940
597 1038
597 996
271 734
351 766
134 954
685 1102
588 1038
442 1066
497 872
62 810
75 893
281 893
691 1138
477 791
110 1695
388 779
480 858
592 1102
586 1038
352 1383
141 916
50 1017
175 847
96 1150
396 1010
141 1067
329 1143
367 981
601 1874
564 1115
144 1876
58 791
392 757
143 1706
2 1032
451 948
101 1036
388 1168
410 1019
524 734
616 996
310 1878
17 1102
696 1066
245 902
121 1020
161 1635
191 1034
299 1131
101 996
405 858
358 1134
503 1289
564 1036
677 757
294 996
141 793
100 951
22 1262
472 757
2 854
553 1126
693 874
597 1076
329 720
537 1371
145 1017
316 1143
43 981
423 1876
585 951
144 1010
550 949
379 951
138 1704
276 894
193 740
179 718
434 1158
26 1402
573 1869
621 1143
271 757
48 996
549 986
396 1875
121 1276
50 929
564 734
167 1134
421 883
262 1626
541 756
486 1525
587 775
573 1070
252 1115
329 1017
623 1069
506 847
230 851
12 1696
76 951
111 1072
49 964
469 1404
148 964
606 1102
616 929
521 1717
581 981
601 1168
35 873
376 1030
364 718
140 775
175 940
661 775
64 1882
135 814
178 858
564 1030
266 1394
146 1131
528 1035
564 931
136 1036
175 757
299 2215
384 782
616 1269
668 1878
420 868
492 1125
356 1226
514 2211
233 858
668 1877
243 734
588 964
292 984
269 1167
43 1695
306 1878
521 1277
368 1417
658 827
300 775
491 858
12 1878
12 1695
38 1110
10 1873
253 1167
22 1127
395 806
615 714
396 1697
691 986
669 1034
669 1632
406 1857
87 1169
361 1313
397 964
376 757
151 1201
291 1178
109 1036
536 1749
330 757
57 1102
287 1066
329 791
268 821
624 872
19 842
287 798
477 786
624 720
597 964
58 964
224 775
532 1889
288 1054
16 1150
329 1034
115 1566
378 857
564 1143
22 968
15 1074
324 1115
93 757
631 1192
303 816
120 1076
521 1253
120 734
364 858
275 1861
458 1102
20 1768
374 714
306 1010
12 1010
93 1882
82 751
363 1278
424 1168
340 1143
672 1168
509 1108
43 779
637 1204
82 1109
228 996
667 1108
529 964
41 1168
85 1010
133 1706
185 720
569 940
43 1010
46 1746
511 883
82 945
471 1134
275 1863
175 986
433 1213
566 1030
694 806
523 981
225 940
423 1010
401 1858
618 846
170 996
302 1036
485 1169
507 1632
491 718
672 1876
236 1008
8 1692
574 883
391 1167
588 902
508 1325
306 1877
92 931
242 1169
532 1098
120 902
90 1150
193 759
446 1714
566 757
110 1168
295 1169
48 902
537 1473
127 806
433 1742
280 1035
330 940
268 1204
50 931
120 1030
508 1904
16 986
10 1201
483 714
499 1213
540 1035
669 1138
400 1143
86 1223
569 806
569 964
50 1082
255 993
661 820
57 806
144 1129
22 1157
423 981
521 1102
110 1696
12 1129
286 1473
376 734
48 1076
226 789
616 847
122 1028
381 1560
567 964
505 1232
123 1115
346 768
481 750
445 768
292 1702
337 823
367 1201
581 1183
329 1038
373 1030
244 718
570 986
103 1103
306 1875
2 1238
159 1143
58 1082
94 1565
616 1169
588 929
43 1696
120 1034
607 1878
524 949
49 873
425 951
43 1874
175 964
2 1026
319 1088
596 1010
588 791
196 1190
93 1066
696 1150
624 1169
668 1168
316 1115
112 1167
499 956
110 1878
299 1202
295 971
330 847
228 1143
310 1696
631 1194
102 806
48 1030
281 1224
257 806
120 940
185 964
101 757
553 891
222 1134
594 816
340 902
160 1030
573 1018
271 1036
668 779
534 1030
251 1562
585 1150
621 757
330 734
50 791
607 1697
116 780
694 964
268 715
92 872
160 757
292 1110
523 1874
262 1430
668 1010
573 1365
694 1017
396 779
43 1878
616 1143
174 996
120 1036
60 1168
607 1695
638 1201
160 734
616 1017
454 873
694 720
529 1017
321 1019
286 1254
652 1355
396 981
158 739
154 1138
41 1069
669 986
64 1881
151 981
691 883
329 929
68 1434
428 753
596 1168
486 1019
637 821
123 902
172 948
101 1076
286 1404
616 883
672 1697
567 872
31 1109
273 781
108 1138
541 1143
289 964
201 940
400 949
424 974
423 779
12 1876
38 1072
118 789
299 2212
271 949
120 757
300 1165
548 1065
703 872
176 1109
511 1070
694 929
144 1878
550 1702
534 734
668 981
279 843
141 729
624 929
429 1714
70 1054
486 1742
225 964
22 1147
423 1696
672 981
641 1102
678 1143
631 1195
409 816
109 996
365 718
172 933
191 872
496 802
338 1131
536 831
50 902
130 734
295 1082
585 1280
289 1138
310 981
554 802
213 1102
132 816
260 1028
339 1624
120 1017
163 1035
703 996
136 1115
48 964
707 1035
624 1034
341 727
624 847
535 807
48 847
255 994
638 1872
183 1877
340 1017
178 718
138 956
411 858
523 1877
50 964
475 1102
534 757
590 998
43 1697
309 1088
380 858
261 1354
203 1910
280 1345
693 803
508 747
463 741
201 847
491 1854
243 1030
613 926
448 964
500 1121
141 966
242 806
425 1066
427 1126
48 873
62 714
433 816
602 2007
101 1030
225 1138
255 908
633 1167
667 987
587 904
624 1269
624 873
243 757
49 1076
69 1138
675 1430
616 964
265 1102
93 1160
138 1703
309 781
544 1138
265 806
121 1568
28 772
704 1150
460 1168
567 986
624 734
144 1877
14 1700
281 1460
350 883
398 1150
439 1082
597 1017
294 1036
428 873
694 872
340 964
590 1160
571 897
597 720
40 1708
418 832
504 1221
372 1150
484 1134
257 996
16 1070
85 981
668 1695
379 1066
590 1069
220 858
174 1036
145 720
330 986
299 1201
19 1564
127 1102
120 1143
340 996
499 1702
310 1168
140 1028
450 1102
225 1115
581 1010
557 781
554 823
494 1167
120 873
243 940
652 1185
488 894
10 1871
271 996
130 940
499 1860
58 1169
140 903
362 757
574 1070
317 872
247 858
291 1445
597 1169
439 1169
691 1066
567 873
371 872
151 1693
624 964
125 883
585 1066
101 883
54 946
637 1203
622 748
195 873
204 858
93 847
206 964
10 1693
50 873
316 872
368 858
585 775
50 1034
252 756
433 1632
144 1696
631 1193
88 718
201 734
628 724
565 969
306 779
672 1696
506 940
637 793
586 1143
194 756
433 1525
420 1048
616 734
564 847
624 1030
48 1017
299 1873
93 872
367 1693
90 951
62 1254
569 847
637 916
179 858
306 1697
579 1417
576 1134
170 872
504 1909
389 949
255 722
24 734
702 781
48 940
672 1877
569 1102
144 1695
176 1085
654 772
143 1701
312 996
652 1300
523 779
499 1701
423 1697
626 1138
327 858
493 1000
184 1074
509 1369
78 807
662 757
268 1730
613 1070
669 872
655 846
485 1082
225 757
427 997
188 1827
329 902
48 1036
518 1134
523 1878
408 1103
349 770
624 883
654 996
597 929
616 873
480 718
561 1377
522 823
11 757
58 1038
388 1010
561 802
489 1566
310 1010
202 1066
671 757
371 902
588 1036
377 757
286 714
337 827
158 1135
686 1138
552 1213
524 964
388 1875
172 1066
210 1481
134 1624
205 768
612 1278
469 1639
62 987
101 873
156 1168
574 807
294 872
101 929
367 1180
48 757
392 940
691 1150
564 873
270 781
349 1130
441 1473
183 1874
123 996
228 1168
564 1138
84 997
144 1168
317 1868
114 1025
462 872
431 757
479 1566
524 1143
153 1088
588 931
46 850
48 872
335 883
607 1874
255 909
316 1034
650 1030
74 1034
375 988
