58 1017
423 1874
101 964
401 1116
537 979
128 979
310 1876
384 786
228 720
627 1630
35 1169
133 1702
189 1165
537 1404
58 902
123 1321
135 993
123 1036
595 775
565 1235
356 1373
465 872
672 1695
68 1190
116 1254
433 1019
194 1102
682 781
523 1696
668 1875
643 816
371 791
12 1877
423 1129
92 1169
371 720
311 1299
251 1522
553 950
617 1131
43 1876
35 931
183 1695
145 1143
251 718
599 806
60 1019
511 948
100 1150
677 873
641 806
46 1884
694 873
88 858
93 951
144 779
87 1082
89 1148
315 997
130 1030
654 954
343 1036
694 931
48 734
624 1076
164 893
433 1893
310 1877
398 951
128 766
251 1236
523 1876
290 1131
575 1036
567 1036
35 1082
541 949
466 883
72 986
483 1648
458 873
261 1136
499 1329
188 1846
559 1167
299 2214
458 806
111 718
135 722
291 1292
271 940
74 1168
61 756
171 996
206 720
234 1560
524 996
184 986
677 964
15 1632
432 756
394 1072
347 1160
521 1321
618 724
454 971
301 741
62 1404
283 844
389 1329
607 1696
146 757
383 810
19 1452
581 1168
704 1066
694 1169
477 1074
93 1138
123 1102
340 929
245 872
101 847
346 1076
160 1017
233 718
16 1066
330 1138
420 997
441 987
64 816
176 751
310 1874
101 734
413 803
347 1168
115 1853
76 1066
251 1723
180 848
404 1167
370 822
405 718
261 858
254 984
121 1567
430 849
356 1453
680 1404
64 1030
151 1183
188 858
283 1125
459 807
344 858
183 981
607 1168
546 2090
423 1878
228 757
148 1169
424 835
255 1234
23 1254
292 1138
444 872
499 1088
393 911
297 823
101 902
424 1135
50 1143
183 1168
72 1138
616 791
120 720
624 1082
412 1102
144 1697
502 741
567 1138
36 1134
5 741
271 1859
378 969
340 1034
125 1017
592 806
388 1129
68 1763
302 964
146 1030
660 954
597 996
685 1102
62 810
477 791
592 1102
50 1017
141 1067
564 1115
143 1706
388 1168
310 1878
121 1020
101 996
564 1036
100 951
553 1126
537 1371
423 1876
379 951
179 718
621 1143
396 1875
167 1134
486 1525
329 1017
12 1696
469 1404
521 1717
376 1030
661 775
564 1030
564 931
384 782
492 1125
668 1877
269 1167
368 1417
12 1878
253 1167
396 1697
406 1857
376 757
536 1749
329 791
287 798
58 964
16 1150
564 1143
93 757
521 1253
458 1102
12 1010
424 1168
43 779
667 1108
133 1706
46 1746
275 1863
694 806
401 1858
485 1169
236 1008
588 902
242 1169
193 759
295 1169
433 1742
50 931
10 1201
669 1138
569 964
57 806
521 1102
376 734
122 1028
123 1115
292 1702
329 1038
103 1103
58 1082
43 1696
49 873
2 1026
196 1190
668 1168
110 1878
228 1143
48 1030
185 964
594 816
271 1036
585 1150
607 1697
92 872
262 1430
396 779
120 1036
160 734
529 1017
396 981
669 986
329 929
486 1019
101 1076
567 872
541 1143
424 974
118 789
300 1165
511 1070
534 734
624 929
225 964
641 1102
109 996
496 802
130 734
310 981
260 1028
703 996
624 1034
48 847
340 1017
523 1877
590 998
261 1354
508 747
243 1030
141 966
48 873
101 1030
667 987
243 757
616 964
309 781
28 772
624 734
350 883
294 1036
590 1160
418 832
257 996
379 1066
145 720
127 1102
310 1168
581 1010
120 873
10 1871
58 1169
317 872
439 1169
151 1693
101 883
195 873
10 1693
585 775
144 1696
628 724
506 940
433 1525
624 1030
367 1693
637 916
576 1134
255 722
672 1877
654 772
523 779
327 858
78 807
669 872
427 997
518 1134
624 883
480 718
58 1038
310 1010
588 1036
158 1135
388 1875
205 768
101 873
101 929
691 1150
441 1473
564 1138
114 1025
524 1143
48 872
316 1034
