15,922,1
393,243,1
432,88,1
58,309,1
433,922,1
668,988,1
292,48,1
423,1166,1
588,374,1
431,430,1
584,108,1
101,256,1
694,330,1
420,739,1
330,322,1
401,408,1
125,256,1
443,256,1
48,561,1
537,271,1
85,493,1
686,278,1
626,466,1
128,271,1
190,150,1
662,26,1
58,223,1
310,1168,1
444,194,1
120,84,1
340,12,1
384,78,1
595,720,1
257,394,1
694,561,1
228,12,1
455,374,1
509,150,1
120,374,1
627,922,1
474,246,1
599,394,1
43,460,1
35,461,1
203,73,1
15,430,1
197,124,1
133,994,1
582,426,1
41,317,1
287,442,1
189,457,1
389,1375,1
156,302,1
625,39,1
537,696,1
564,60,1
343,366,1
217,570,1
58,194,1
329,256,1
446,207,1
516,150,1
123,613,1
678,256,1
669,922,1
40,327,1
135,285,1
97,574,1
455,461,1
174,407,1
123,328,1
575,48,1
298,218,1
382,183,1
595,67,1
532,573,1
393,358,1
93,288,1
565,527,1
165,185,1
624,83,1
50,461,1
356,665,1
451,362,1
550,248,1
645,550,1
465,164,1
110,71,1
271,322,1
564,164,1
672,987,1
327,10,1
308,426,1
624,232,1
68,482,1
616,368,1
392,139,1
423,987,1
116,546,1
580,362,1
628,138,1
433,1188,1
433,311,1
573,742,1
406,102,1
597,165,1
194,394,1
181,430,1
309,459,1
135,286,1
682,73,1
58,12,1
23,424,1
524,232,1
523,988,1
367,475,1
616,322,1
210,778,1
668,1167,1
329,164,1
433,183,1
573,627,1
643,108,1
130,49,1
506,322,1
302,48,1
371,83,1
433,1186,1
442,442,1
685,98,1
12,1169,1
561,681,1
523,987,1
281,189,1
423,421,1
316,256,1
289,164,1
462,288,1
92,461,1
138,993,1
314,1029,1
3,327,1
371,12,1
175,1174,1
473,295,1
347,241,1
311,591,1
520,26,1
236,25,1
613,435,1
251,814,1
306,988,1
170,916,1
252,328,1
553,242,1
671,26,1
603,394,1
93,635,1
617,423,1
302,12,1
524,139,1
396,1168,1
43,1168,1
322,442,1
396,1166,1
289,288,1
35,223,1
587,459,1
325,358,1
516,10,1
183,987,1
48,374,1
316,288,1
624,328,1
145,435,1
694,288,1
504,648,1
120,288,1
251,10,1
251,150,1
552,48,1
597,164,1
599,98,1
455,263,1
120,561,1
77,99,1
60,311,1
588,309,1
346,288,1
202,442,1
511,240,1
695,120,1
121,614,1
110,1169,1
100,442,1
95,459,1
523,989,1
626,278,1
677,165,1
332,175,1
607,71,1
588,165,1
641,98,1
292,993,1
415,33,1
213,98,1
46,1176,1
97,10,1
678,12,1
31,237,1
694,165,1
6,124,1
357,916,1
16,309,1
88,150,1
444,326,1
520,49,1
242,394,1
93,243,1
637,18,1
20,538,1
444,241,1
144,71,1
579,545,1
544,278,1
617,26,1
87,374,1
580,278,1
499,998,1
694,60,1
89,440,1
2,170,1
616,328,1
272,12,1
315,289,1
680,765,1
340,165,1
83,48,1
130,322,1
312,164,1
93,232,1
616,12,1
654,246,1
623,290,1
564,326,1
423,460,1
343,328,1
650,423,1
575,407,1
680,279,1
694,223,1
528,1202,1
377,423,1
110,1166,1
48,26,1
255,389,1
382,1183,1
294,407,1
624,368,1
143,994,1
638,985,1
365,150,1
164,185,1
537,34,1
176,114,1
389,288,1
433,1185,1
0,75,1
477,435,1
306,273,1
310,1169,1
42,203,1
669,366,1
108,278,1
398,243,1
60,197,1
637,13,1
12,460,1
128,58,1
120,139,1
389,435,1
329,223,1
251,528,1
325,442,1
93,1173,1
97,814,1
523,1168,1
101,435,1
524,49,1
396,1170,1
290,423,1
120,221,1
271,407,1
553,317,1
575,328,1
168,549,1
13,98,1
690,737,1
567,328,1
25,102,1
221,654,1
580,310,1
35,374,1
272,435,1
339,246,1
69,366,1
541,241,1
569,288,1
340,164,1
359,108,1
466,175,1
496,253,1
322,358,1
543,366,1
72,278,1
264,243,1
368,19,1
103,1011,1
483,940,1
225,288,1
521,1010,1
335,322,1
458,165,1
97,150,1
183,71,1
486,317,1
261,428,1
14,264,1
324,288,1
17,98,1
499,621,1
292,203,1
85,460,1
553,402,1
188,1138,1
683,64,1
185,165,1
528,497,1
559,459,1
252,288,1
204,10,1
145,256,1
299,1506,1
499,1151,1
644,242,1
617,916,1
458,98,1
299,1508,1
561,98,1
50,164,1
111,10,1
631,7,1
437,435,1
606,98,1
135,14,1
90,358,1
191,194,1
292,248,1
291,584,1
225,322,1
374,279,1
347,361,1
271,232,1
62,135,1
93,407,1
38,115,1
74,460,1
125,358,1
228,278,1
10,1164,1
61,48,1
264,358,1
346,164,1
597,407,1
171,288,1
422,459,1
574,366,1
250,60,1
206,12,1
624,309,1
10,494,1
176,82,1
234,852,1
219,108,1
175,26,1
25,1148,1
524,288,1
16,243,1
85,985,1
624,288,1
184,278,1
433,1187,1
170,394,1
684,786,1
677,256,1
626,223,1
514,459,1
329,379,1
15,924,1
630,560,1
176,237,1
96,358,1
432,48,1
454,374,1
694,435,1
286,279,1
394,364,1
138,997,1
444,394,1
573,290,1
347,452,1
539,1202,1
202,243,1
356,727,1
521,613,1
661,641,1
199,857,1
669,194,1
618,16,1
93,322,1
206,435,1
9,366,1
454,263,1
545,265,1
631,113,1
239,189,1
301,33,1
275,589,1
659,81,1
579,851,1
62,696,1
183,989,1
302,288,1
31,43,1
283,136,1
675,89,1
332,366,1
624,49,1
389,621,1
15,278,1
526,315,1
316,328,1
607,988,1
165,186,1
597,435,1
393,563,1
146,49,1
672,1166,1
382,514,1
41,290,1
383,102,1
433,1183,1
324,328,1
272,241,1
19,744,1
101,561,1
0,112,1
225,278,1
581,460,1
407,60,1
329,461,1
315,183,1
704,358,1
58,435,1
143,248,1
48,435,1
694,461,1
588,407,1
569,278,1
26,48,1
477,366,1
548,279,1
396,1169,1
133,993,1
93,430,1
469,102,1
580,225,1
449,366,1
123,394,1
523,1167,1
433,853,1
93,1175,1
340,221,1
268,258,1
299,1505,1
637,258,1
245,164,1
373,49,1
183,302,1
201,322,1
101,139,1
573,460,1
133,940,1
522,119,1
346,368,1
185,435,1
597,223,1
148,221,1
160,309,1
148,223,1
131,175,1
413,166,1
233,10,1
138,994,1
529,223,1
656,418,1
16,358,1
495,119,1
549,430,1
330,256,1
330,430,1
7,459,1
299,985,1
125,164,1
420,289,1
58,326,1
123,326,1
100,362,1
441,279,1
275,448,1
346,256,1
289,165,1
64,108,1
49,223,1
579,624,1
311,124,1
176,43,1
569,49,1
172,206,1
255,106,1
310,1166,1
93,165,1
672,302,1
148,374,1
101,26,1
83,402,1
597,83,1
148,326,1
413,95,1
361,144,1
225,26,1
564,256,1
347,460,1
623,460,1
292,996,1
624,330,1
115,1145,1
495,140,1
306,1168,1
607,1169,1
76,358,1
381,989,1
388,1166,1
523,421,1
251,1015,1
226,783,1
285,185,1
310,989,1
180,140,1
431,322,1
225,139,1
175,1173,1
404,459,1
12,273,1
133,248,1
607,302,1
370,114,1
546,1381,1
148,164,1
367,460,1
405,10,1
428,442,1
148,330,1
189,67,1
261,150,1
31,114,1
16,26,1
87,165,1
254,276,1
374,546,1
48,221,1
587,73,1
121,859,1
24,49,1
502,636,1
322,243,1
430,141,1
293,73,1
691,243,1
306,460,1
356,745,1
550,998,1
2,453,1
655,922,1
680,696,1
140,380,1
366,124,1
600,426,1
64,322,1
123,98,1
391,320,1
590,460,1
151,475,1
120,379,1
259,988,1
101,12,1
188,150,1
160,256,1
429,346,1
370,82,1
283,417,1
564,194,1
61,426,1
652,707,1
459,99,1
546,48,1
542,185,1
344,10,1
344,150,1
228,164,1
238,1162,1
561,588,1
183,273,1
206,240,1
101,164,1
266,717,1
607,460,1
597,194,1
564,309,1
12,71,1
546,1382,1
597,326,1
85,472,1
400,12,1
423,1170,1
58,164,1
58,165,1
302,435,1
228,49,1
616,407,1
550,993,1
243,139,1
148,461,1
138,1202,1
35,263,1
432,108,1
424,127,1
183,1168,1
524,322,1
147,119,1
255,526,1
573,625,1
83,248,1
136,288,1
23,546,1
354,581,1
255,433,1
158,987,1
292,430,1
441,1150,1
242,613,1
306,1166,1
444,164,1
130,139,1
700,28,1
294,326,1
499,380,1
151,472,1
567,309,1
686,206,1
393,203,1
60,183,1
110,1167,1
433,854,1
297,115,1
211,124,1
546,2,1
495,150,1
101,194,1
627,924,1
183,1167,1
112,320,1
424,427,1
148,309,1
329,374,1
257,328,1
50,435,1
595,457,1
92,374,1
580,99,1
183,460,1
122,67,1
509,429,1
65,108,1
72,430,1
27,189,1
268,495,1
48,330,1
616,83,1
663,459,1
379,442,1
546,151,1
120,12,1
374,696,1
616,374,1
120,330,1
624,374,1
154,278,1
22,181,1
617,322,1
412,394,1
396,460,1
579,247,1
355,291,1
144,989,1
122,73,1
428,175,1
624,435,1
502,33,1
110,989,1
23,279,1
101,374,1
567,430,1
696,243,1
388,988,1
46,1177,1
36,426,1
597,328,1
174,48,1
486,183,1
5,33,1
217,440,1
325,243,1
292,998,1
271,1151,1
442,243,1
19,1203,1
93,278,1
378,261,1
201,49,1
496,610,1
120,175,1
340,326,1
570,366,1
43,1167,1
671,139,1
125,309,1
575,288,1
495,10,1
588,164,1
592,98,1
356,1172,1
172,259,1
48,12,1
388,421,1
144,1167,1
49,309,1
299,916,1
68,1055,1
692,58,1
244,150,1
58,221,1
302,256,1
654,278,1
546,238,1
609,858,1
146,322,1
539,509,1
616,232,1
570,1164,1
660,246,1
573,238,1
101,232,1
597,330,1
597,288,1
10,423,1
351,58,1
134,246,1
685,394,1
616,164,1
442,358,1
497,164,1
62,102,1
631,523,1
281,185,1
691,430,1
477,83,1
335,423,1
388,71,1
480,150,1
592,394,1
109,407,1
352,675,1
141,208,1
50,309,1
588,461,1
96,442,1
396,302,1
141,359,1
48,461,1
367,273,1
601,1166,1
564,407,1
523,302,1
58,83,1
392,49,1
143,998,1
299,246,1
451,240,1
101,328,1
388,460,1
46,1179,1
524,26,1
616,288,1
310,1170,1
8,121,1
696,358,1
245,194,1
121,312,1
454,461,1
191,326,1
299,423,1
101,288,1
631,250,1
358,426,1
503,581,1
564,328,1
175,322,1
294,288,1
141,85,1
100,243,1
85,475,1
472,49,1
2,146,1
553,418,1
374,670,1
597,368,1
329,12,1
537,663,1
496,642,1
316,435,1
43,273,1
423,1168,1
367,302,1
144,302,1
550,241,1
379,243,1
368,10,1
276,186,1
193,32,1
179,10,1
671,322,1
26,694,1
573,1161,1
621,435,1
486,242,1
48,288,1
549,278,1
396,1167,1
261,608,1
50,221,1
564,26,1
167,426,1
271,998,1
262,918,1
541,48,1
486,817,1
120,256,1
573,362,1
252,407,1
329,309,1
380,10,1
506,139,1
230,143,1
12,988,1
43,1169,1
111,364,1
49,256,1
469,696,1
144,1166,1
606,394,1
616,221,1
521,1009,1
31,82,1
601,460,1
35,165,1
376,322,1
581,472,1
140,67,1
175,232,1
661,67,1
50,368,1
135,106,1
178,150,1
564,322,1
661,73,1
146,423,1
528,327,1
564,223,1
279,6,1
175,49,1
299,1507,1
384,74,1
279,546,1
668,1170,1
420,160,1
492,417,1
433,852,1
514,1503,1
233,150,1
668,1169,1
463,119,1
588,256,1
292,276,1
269,459,1
251,140,1
306,1170,1
521,569,1
368,709,1
183,988,1
300,67,1
491,150,1
12,1170,1
496,140,1
38,402,1
10,1165,1
253,459,1
621,45,1
395,98,1
615,6,1
396,989,1
388,1170,1
669,326,1
669,924,1
406,1149,1
444,288,1
361,605,1
397,256,1
376,49,1
93,26,1
291,470,1
109,328,1
536,1041,1
543,430,1
57,394,1
287,358,1
329,83,1
340,330,1
624,164,1
19,134,1
287,90,1
569,322,1
624,12,1
597,256,1
58,256,1
12,989,1
532,1181,1
288,346,1
16,442,1
469,357,1
115,858,1
378,149,1
564,435,1
93,528,1
15,366,1
324,407,1
93,49,1
68,512,1
303,108,1
120,368,1
521,545,1
668,1168,1
364,150,1
275,1153,1
458,394,1
431,99,1
374,6,1
306,302,1
12,302,1
41,452,1
82,43,1
363,570,1
424,460,1
126,460,1
672,460,1
509,400,1
43,71,1
569,430,1
82,401,1
228,288,1
667,400,1
31,377,1
41,460,1
85,302,1
133,998,1
694,394,1
569,232,1
43,302,1
46,1038,1
658,608,1
82,237,1
471,426,1
275,1155,1
393,241,1
433,505,1
566,322,1
694,98,1
478,916,1
225,232,1
423,302,1
401,1150,1
672,71,1
170,288,1
302,328,1
485,461,1
314,426,1
491,10,1
672,1168,1
236,300,1
151,302,1
574,175,1
391,459,1
588,194,1
190,738,1
306,1169,1
92,223,1
242,461,1
397,246,1
120,194,1
90,442,1
193,51,1
64,49,1
566,49,1
110,460,1
295,461,1
363,457,1
537,765,1
127,98,1
433,1034,1
110,273,1
330,232,1
268,496,1
50,223,1
264,442,1
508,1196,1
16,278,1
10,493,1
65,440,1
499,505,1
540,327,1
669,430,1
32,328,1
86,515,1
569,98,1
569,256,1
396,988,1
255,285,1
661,112,1
57,98,1
316,278,1
22,449,1
423,273,1
521,394,1
431,366,1
12,421,1
286,765,1
376,26,1
329,165,1
226,81,1
616,139,1
122,320,1
345,108,1
567,256,1
505,524,1
123,407,1
238,1161,1
481,42,1
445,60,1
292,994,1
295,165,1
367,493,1
581,475,1
329,330,1
389,379,1
244,10,1
570,278,1
103,395,1
289,309,1
2,530,1
159,435,1
58,374,1
669,64,1
616,461,1
588,221,1
43,988,1
375,383,1
607,1170,1
524,241,1
49,165,1
388,987,1
43,1166,1
175,256,1
2,318,1
333,1139,1
596,302,1
588,83,1
196,482,1
332,423,1
696,442,1
624,461,1
668,460,1
152,272,1
112,459,1
499,248,1
110,1170,1
411,10,1
295,263,1
330,139,1
228,435,1
468,656,1
631,486,1
102,98,1
48,322,1
151,460,1
257,98,1
120,232,1
185,256,1
14,990,1
553,183,1
222,426,1
594,108,1
607,1168,1
160,322,1
573,310,1
271,328,1
632,155,1
534,322,1
251,854,1
585,442,1
564,49,1
330,26,1
50,83,1
607,989,1
361,924,1
694,256,1
268,7,1
92,164,1
292,108,1
292,402,1
523,1166,1
262,722,1
610,48,1
573,657,1
694,309,1
396,71,1
348,108,1
616,435,1
174,288,1
120,328,1
110,302,1
607,987,1
638,493,1
160,26,1
148,165,1
454,165,1
694,12,1
529,309,1
71,459,1
286,546,1
652,647,1
396,273,1
694,326,1
154,430,1
41,361,1
669,278,1
521,98,1
151,273,1
691,175,1
329,221,1
369,33,1
428,45,1
596,460,1
486,311,1
561,394,1
123,194,1
172,240,1
101,368,1
299,1164,1
616,175,1
672,989,1
567,164,1
64,26,1
273,73,1
108,430,1
541,435,1
63,28,1
201,232,1
400,241,1
424,266,1
398,358,1
12,1168,1
38,364,1
118,81,1
271,139,1
271,241,1
120,49,1
300,457,1
588,288,1
703,164,1
176,401,1
511,362,1
83,88,1
144,1170,1
550,994,1
534,26,1
425,442,1
279,135,1
141,21,1
624,221,1
392,26,1
70,346,1
486,1034,1
225,256,1
195,435,1
423,988,1
672,273,1
641,394,1
126,302,1
631,487,1
409,108,1
109,288,1
14,991,1
172,225,1
191,164,1
496,94,1
622,459,1
536,123,1
50,194,1
130,26,1
658,39,1
585,572,1
289,430,1
310,273,1
650,26,1
213,394,1
132,108,1
260,320,1
498,322,1
120,309,1
163,327,1
703,288,1
597,374,1
48,256,1
707,327,1
624,326,1
332,362,1
624,139,1
535,99,1
48,139,1
164,189,1
638,1164,1
183,1169,1
340,309,1
436,119,1
138,248,1
411,150,1
523,1169,1
573,1162,1
475,394,1
534,49,1
590,290,1
47,108,1
309,380,1
380,150,1
261,646,1
477,221,1
280,637,1
693,95,1
508,39,1
52,108,1
201,139,1
491,1146,1
243,322,1
76,442,1
448,256,1
500,413,1
141,258,1
144,273,1
425,358,1
427,418,1
48,165,1
567,288,1
433,108,1
602,1299,1
101,322,1
626,309,1
255,200,1
633,459,1
667,279,1
24,322,1
624,561,1
624,165,1
243,49,1
595,673,1
69,430,1
675,722,1
616,256,1
35,368,1
93,452,1
138,995,1
309,73,1
381,854,1
265,98,1
121,860,1
28,64,1
228,430,1
460,460,1
567,278,1
624,26,1
476,49,1
14,992,1
281,752,1
350,175,1
11,26,1
439,374,1
597,309,1
294,328,1
185,288,1
694,164,1
340,256,1
590,452,1
374,102,1
597,12,1
40,1000,1
418,124,1
66,448,1
372,442,1
484,426,1
257,288,1
694,194,1
85,273,1
668,987,1
379,358,1
561,288,1
220,150,1
174,328,1
145,12,1
579,646,1
299,493,1
19,856,1
127,394,1
661,320,1
340,288,1
499,994,1
310,460,1
616,326,1
450,394,1
225,407,1
581,302,1
541,330,1
554,115,1
494,459,1
120,165,1
65,99,1
652,477,1
488,186,1
10,1163,1
306,987,1
130,232,1
499,1152,1
58,461,1
419,319,1
362,49,1
574,362,1
317,164,1
607,1167,1
291,737,1
597,461,1
439,461,1
316,461,1
567,165,1
371,164,1
151,985,1
448,435,1
125,175,1
585,358,1
101,175,1
395,394,1
637,495,1
622,40,1
195,165,1
148,12,1
93,139,1
206,256,1
10,985,1
530,121,1
316,164,1
368,150,1
585,67,1
101,330,1
252,48,1
433,924,1
144,988,1
622,244,1
88,10,1
201,26,1
628,16,1
46,186,1
306,71,1
672,988,1
506,232,1
148,194,1
586,435,1
194,48,1
433,817,1
128,608,1
616,26,1
564,139,1
624,322,1
310,1167,1
299,1165,1
93,164,1
367,985,1
34,430,1
62,546,1
569,139,1
637,208,1
676,319,1
306,989,1
579,709,1
576,426,1
672,1170,1
504,1201,1
389,241,1
255,14,1
87,263,1
702,73,1
48,232,1
672,1169,1
677,435,1
144,987,1
176,377,1
654,64,1
461,150,1
312,288,1
652,592,1
523,71,1
245,326,1
423,989,1
626,430,1
327,150,1
433,276,1
184,366,1
509,661,1
78,99,1
392,322,1
268,1022,1
613,362,1
669,164,1
538,327,1
485,374,1
225,49,1
427,289,1
101,83,1
329,194,1
48,328,1
518,426,1
478,246,1
408,395,1
349,62,1
624,175,1
370,377,1
597,221,1
616,165,1
480,10,1
631,258,1
522,115,1
11,49,1
58,330,1
9,64,1
561,94,1
489,858,1
310,302,1
506,49,1
671,49,1
371,194,1
588,328,1
148,435,1
286,6,1
337,119,1
158,427,1
581,493,1
552,505,1
524,256,1
388,1167,1
141,113,1
210,773,1
134,916,1
205,60,1
261,10,1
469,931,1
62,279,1
101,165,1
496,715,1
574,99,1
294,164,1
101,221,1
526,1066,1
48,49,1
392,232,1
691,442,1
567,366,1
270,73,1
349,422,1
441,765,1
176,170,1
123,288,1
228,460,1
564,430,1
316,374,1
144,460,1
317,1160,1
114,317,1
477,330,1
431,49,1
479,858,1
524,435,1
268,674,1
588,223,1
46,142,1
48,164,1
299,1163,1
607,1166,1
255,201,1
316,326,1
388,1168,1
74,326,1
375,280,1
280,1327,0
135,539,0
183,218,0
4,1485,0
344,1492,0
155,348,0
241,421,0
220,1088,0
8,869,0
578,1001,0
502,476,0
397,1455,0
3,714,0
605,841,0
268,1480,0
497,428,0
396,1454,0
34,687,0
437,848,0
612,697,0
308,913,0
613,1088,0
539,1364,0
305,608,0
40,799,0
135,55,0
447,865,0
150,1441,0
345,1436,0
447,276,0
168,1248,0
93,1160,0
623,518,0
410,35,0
408,13,0
243,308,0
394,1429,0
1,216,0
245,989,0
160,159,0
402,234,0
580,733,0
207,1240,0
218,460,0
646,694,0
440,43,0
245,1444,0
192,1213,0
281,859,0
63,517,0
409,72,0
324,1000,0
179,688,0
192,46,0
588,128,0
688,311,0
158,148,0
188,1452,0
648,135,0
441,558,0
629,500,0
284,1385,0
200,689,0
561,1313,0
57,902,0
633,1114,0
46,954,0
706,182,0
252,601,0
528,1161,0
30,1154,0
191,513,0
494,578,0
463,1440,0
444,1278,0
194,1289,0
482,588,0
397,1331,0
135,1438,0
505,1379,0
567,1124,0
493,14,0
578,506,0
392,442,0
162,705,0
100,1252,0
334,628,0
379,766,0
591,61,0
88,842,0
607,161,0
26,1070,0
285,1044,0
369,1424,0
3,910,0
516,709,0
48,431,0
562,629,0
119,588,0
313,759,0
25,285,0
435,1426,0
656,1245,0
653,823,0
394,1340,0
471,570,0
404,8,0
601,306,0
518,1042,0
3,994,0
293,1351,0
165,544,0
90,870,0
337,184,0
453,342,0
199,953,0
565,225,0
131,1172,0
653,513,0
477,626,0
325,953,0
668,70,0
658,713,0
166,761,0
419,496,0
51,177,0
461,1383,0
217,578,0
88,1044,0
681,176,0
353,1107,0
526,1089,0
699,1313,0
281,923,0
695,968,0
584,956,0
522,1360,0
223,399,0
187,1278,0
179,649,0
435,985,0
390,1052,0
463,177,0
690,33,0
316,971,0
585,307,0
667,880,0
89,622,0
92,659,0
244,855,0
64,538,0
385,923,0
465,1031,0
513,916,0
177,787,0
95,881,0
289,1055,0
164,1201,0
379,1052,0
573,1496,0
528,240,0
80,461,0
531,1335,0
96,1026,0
627,1332,0
50,1454,0
539,378,0
650,1385,0
672,210,0
657,1100,0
117,1233,0
337,399,0
625,1011,0
670,1056,0
575,348,0
521,1447,0
422,988,0
372,99,0
285,567,0
50,35,0
132,1070,0
25,440,0
193,1447,0
115,912,0
202,1357,0
348,682,0
602,1232,0
601,442,0
694,315,0
42,707,0
137,23,0
332,474,0
262,630,0
494,251,0
543,580,0
400,114,0
93,1465,0
299,1274,0
13,1077,0
694,1133,0
622,571,0
650,338,0
327,460,0
332,741,0
523,858,0
104,254,0
634,761,0
574,1182,0
196,1114,0
117,988,0
190,1332,0
541,989,0
515,113,0
270,124,0
541,671,0
283,423,0
105,1500,0
79,144,0
323,1483,0
185,845,0
406,1481,0
436,1172,0
382,764,0
168,659,0
410,871,0
463,114,0
356,1476,0
73,28,0
191,914,0
291,210,0
493,1458,0
550,92,0
338,911,0
269,1114,0
176,924,0
542,153,0
316,427,0
192,1324,0
583,643,0
85,1406,0
203,1224,0
161,810,0
628,941,0
344,622,0
590,814,0
313,552,0
176,735,0
257,526,0
634,190,0
40,607,0
687,783,0
403,895,0
29,363,0
304,892,0
192,667,0
520,1414,0
263,1193,0
291,658,0
291,1096,0
154,1116,0
67,1369,0
244,1385,0
642,1220,0
470,1283,0
436,32,0
459,240,0
631,206,0
474,473,0
517,956,0
260,858,0
316,1487,0
59,196,0
387,322,0
119,1459,0
193,275,0
506,826,0
96,1444,0
346,128,0
381,1462,0
336,549,0
655,142,0
38,779,0
565,515,0
439,576,0
98,11,0
648,163,0
589,490,0
468,570,0
123,1018,0
585,194,0
428,89,0
677,265,0
544,1076,0
98,1145,0
13,423,0
689,1054,0
626,999,0
706,983,0
406,1186,0
13,772,0
587,355,0
249,818,0
166,857,0
391,630,0
479,491,0
97,1371,0
178,1156,0
570,274,0
418,1186,0
532,1267,0
513,672,0
334,705,0
235,222,0
488,754,0
667,79,0
113,1136,0
130,56,0
621,1116,0
135,1140,0
27,326,0
192,1005,0
657,1262,0
335,737,0
576,1080,0
72,649,0
564,1360,0
343,403,0
25,1163,0
462,755,0
168,980,0
653,1078,0
616,612,0
238,1246,0
500,716,0
524,516,0
79,197,0
517,922,0
450,990,0
354,357,0
433,1025,0
349,495,0
126,183,0
132,795,0
357,501,0
452,553,0
495,841,0
303,494,0
43,606,0
283,1068,0
35,974,0
432,1258,0
21,325,0
649,116,0
322,317,0
284,859,0
39,664,0
304,961,0
684,296,0
101,721,0
445,1015,0
655,1437,0
385,1445,0
140,363,0
643,1269,0
554,1059,0
607,140,0
354,65,0
103,450,0
491,1097,0
346,602,0
181,1284,0
558,1344,0
594,1511,0
696,705,0
419,264,0
11,1303,0
402,724,0
675,1300,0
181,1311,0
323,914,0
308,280,0
10,1224,0
231,1058,0
509,911,0
554,191,0
42,106,0
308,553,0
530,852,0
60,1030,0
515,254,0
281,858,0
130,318,0
86,206,0
296,873,0
533,822,0
334,714,0
504,1064,0
333,210,0
230,843,0
452,1403,0
611,873,0
135,1059,0
667,766,0
125,1276,0
696,1208,0
293,1419,0
377,1497,0
85,1055,0
61,239,0
136,89,0
685,76,0
375,75,0
107,1238,0
12,574,0
16,1432,0
265,591,0
490,1014,0
338,175,0
214,991,0
601,367,0
99,356,0
451,551,0
222,686,0
81,345,0
344,190,0
111,303,0
397,10,0
245,1090,0
430,1055,0
580,373,0
67,951,0
692,1265,0
556,392,0
552,1251,0
493,194,0
373,1467,0
670,448,0
41,1231,0
452,1112,0
164,504,0
342,771,0
645,607,0
278,1450,0
136,1422,0
34,55,0
571,590,0
27,1470,0
239,620,0
430,620,0
533,1183,0
293,413,0
545,1192,0
258,557,0
506,575,0
472,541,0
341,1470,0
618,786,0
172,1137,0
7,1221,0
492,292,0
35,181,0
664,330,0
580,1104,0
592,84,0
289,555,0
87,411,0
564,585,0
261,823,0
603,796,0
526,533,0
8,1488,0
573,705,0
277,1254,0
539,710,0
385,725,0
345,389,0
698,101,0
472,826,0
174,1055,0
257,1500,0
180,511,0
662,1321,0
396,96,0
561,1148,0
439,480,0
286,742,0
182,107,0
72,1102,0
131,806,0
299,955,0
322,1496,0
163,1450,0
159,33,0
69,679,0
220,1484,0
432,1275,0
251,1264,0
515,1324,0
135,1434,0
155,1184,0
0,255,0
435,473,0
441,234,0
208,232,0
616,777,0
20,280,0
205,262,0
85,218,0
5,763,0
107,263,0
644,1380,0
230,322,0
686,1347,0
189,75,0
455,893,0
416,1469,0
278,401,0
589,806,0
552,90,0
239,794,0
421,384,0
120,929,0
577,66,0
674,679,0
148,57,0
702,1031,0
479,1359,0
421,1361,0
294,746,0
585,591,0
163,78,0
70,859,0
89,823,0
220,439,0
479,805,0
85,376,0
496,1293,0
11,619,0
370,1124,0
472,766,0
661,233,0
632,995,0
202,1405,0
180,1011,0
247,1212,0
578,1034,0
610,461,0
131,651,0
419,149,0
147,51,0
643,275,0
325,768,0
31,514,0
186,1370,0
175,1240,0
489,863,0
360,1343,0
257,1175,0
437,741,0
154,7,0
624,1493,0
263,1130,0
169,739,0
412,1132,0
177,1472,0
188,1234,0
604,409,0
392,860,0
265,780,0
383,357,0
82,417,0
516,193,0
450,952,0
643,1374,0
27,915,0
109,1371,0
223,468,0
694,701,0
462,1058,0
460,1260,0
490,235,0
481,529,0
271,23,0
634,986,0
290,1353,0
308,1241,0
391,847,0
444,355,0
452,1305,0
294,1200,0
90,1413,0
427,1434,0
505,721,0
458,83,0
154,290,0
458,839,0
579,783,0
502,651,0
512,202,0
142,479,0
475,438,0
49,1364,0
284,337,0
128,38,0
354,278,0
427,166,0
187,1225,0
269,1172,0
484,988,0
290,516,0
705,1485,0
348,683,0
521,38,0
210,568,0
193,36,0
562,296,0
181,313,0
559,989,0
161,888,0
7,1286,0
665,640,0
465,1083,0
353,5,0
274,1343,0
103,133,0
305,1373,0
375,623,0
315,882,0
391,574,0
59,374,0
245,146,0
499,1063,0
697,844,0
168,1460,0
51,751,0
705,231,0
29,507,0
671,1085,0
68,574,0
376,406,0
474,382,0
159,1110,0
639,385,0
318,1489,0
53,233,0
283,1030,0
561,879,0
54,1182,0
325,91,0
409,597,0
68,1425,0
543,197,0
582,1511,0
289,1085,0
211,508,0
13,452,0
145,1025,0
490,1091,0
537,361,0
138,737,0
611,416,0
185,1313,0
589,69,0
17,221,0
289,278,0
436,1253,0
173,1452,0
621,153,0
537,1383,0
492,715,0
105,1173,0
388,1261,0
479,1054,0
469,421,0
375,1481,0
648,838,0
276,208,0
629,361,0
145,1407,0
44,469,0
50,202,0
144,309,0
582,592,0
570,527,0
539,185,0
56,212,0
114,463,0
677,23,0
430,84,0
163,1130,0
641,375,0
160,501,0
56,878,0
81,476,0
191,121,0
666,1392,0
511,71,0
212,1166,0
237,462,0
614,947,0
582,960,0
142,677,0
518,906,0
198,620,0
92,248,0
53,86,0
243,1192,0
160,1087,0
186,318,0
489,870,0
266,1034,0
511,85,0
366,777,0
266,1219,0
673,1200,0
245,568,0
452,873,0
566,857,0
262,1303,0
368,326,0
399,1287,0
393,264,0
569,1032,0
341,118,0
342,406,0
173,504,0
327,1363,0
603,920,0
37,1497,0
376,342,0
517,0,0
90,85,0
647,521,0
6,1354,0
625,389,0
107,1195,0
349,126,0
142,289,0
277,1158,0
396,1179,0
288,748,0
67,961,0
527,600,0
703,449,0
634,517,0
241,1018,0
288,812,0
16,801,0
324,717,0
696,1435,0
393,1059,0
94,570,0
359,1338,0
416,796,0
55,1053,0
20,1378,0
144,1091,0
129,1199,0
239,954,0
585,1471,0
205,543,0
560,1087,0
77,983,0
532,79,0
387,2,0
296,383,0
450,586,0
648,1333,0
240,569,0
255,1082,0
130,912,0
5,897,0
33,1458,0
265,1408,0
324,90,0
64,892,0
32,58,0
335,1415,0
516,824,0
248,50,0
57,1303,0
211,303,0
446,756,0
250,533,0
636,395,0
24,815,0
14,654,0
352,594,0
550,1196,0
445,441,0
155,6,0
132,1341,0
173,1123,0
425,488,0
417,168,0
696,1141,0
220,625,0
156,1118,0
299,684,0
58,595,0
26,1005,0
653,976,0
342,1431,0
131,398,0
652,1321,0
283,951,0
398,259,0
211,403,0
262,545,0
37,1282,0
277,1372,0
429,272,0
706,1024,0
17,1414,0
87,631,0
344,1003,0
551,1220,0
93,1350,0
161,680,0
58,495,0
144,141,0
630,1015,0
88,257,0
204,1347,0
283,1367,0
164,260,0
608,492,0
197,1048,0
450,1001,0
571,329,0
288,842,0
93,937,0
599,21,0
257,46,0
690,1409,0
507,1086,0
182,1439,0
76,740,0
300,1471,0
132,888,0
604,408,0
119,1442,0
254,1129,0
581,467,0
493,854,0
5,639,0
453,1236,0
381,15,0
433,409,0
217,226,0
44,1495,0
543,834,0
13,1015,0
697,894,0
607,363,0
150,1147,0
388,601,0
548,925,0
164,904,0
138,1153,0
397,752,0
48,1494,0
695,1139,0
145,782,0
365,913,0
528,1134,0
242,829,0
648,862,0
343,616,0
390,436,0
515,223,0
232,394,0
249,955,0
181,1173,0
476,1380,0
38,204,0
457,948,0
80,225,0
305,684,0
375,1433,0
74,1188,0
695,231,0
104,398,0
266,391,0
445,843,0
183,156,0
163,1222,0
238,256,0
627,538,0
17,215,0
539,66,0
68,180,0
334,1002,0
703,1045,0
126,682,0
326,1223,0
328,622,0
450,542,0
398,103,0
277,1501,0
414,1123,0
118,871,0
572,1172,0
581,719,0
317,380,0
553,862,0
604,479,0
336,426,0
167,446,0
272,306,0
470,277,0
570,660,0
289,346,0
525,1280,0
541,281,0
348,286,0
371,858,0
577,1075,0
699,263,0
645,579,0
592,648,0
66,832,0
38,1022,0
223,239,0
317,1074,0
380,1373,0
15,1468,0
225,102,0
232,1456,0
457,751,0
493,701,0
459,329,0
663,690,0
175,1378,0
454,1056,0
381,812,0
493,838,0
451,445,0
243,1281,0
424,46,0
80,1119,0
277,282,0
627,1450,0
273,401,0
419,1164,0
34,1281,0
638,847,0
300,626,0
263,1342,0
597,48,0
340,835,0
426,1042,0
559,251,0
49,148,0
526,1059,0
306,618,0
397,1133,0
268,601,0
456,1071,0
563,553,0
314,396,0
213,936,0
60,829,0
621,920,0
660,1053,0
414,793,0
704,9,0
463,391,0
450,45,0
438,1329,0
699,1465,0
493,425,0
496,424,0
263,170,0
171,39,0
477,1282,0
599,51,0
43,992,0
182,1281,0
88,273,0
523,710,0
75,1405,0
425,113,0
404,1175,0
304,871,0
543,933,0
172,417,0
366,567,0
503,731,0
697,879,0
601,435,0
118,576,0
94,51,0
110,197,0
322,1474,0
212,1491,0
343,715,0
584,995,0
107,803,0
223,462,0
100,60,0
239,545,0
151,1204,0
108,973,0
397,1247,0
32,94,0
42,73,0
173,1473,0
599,1030,0
184,28,0
524,307,0
253,1281,0
653,1040,0
9,865,0
21,180,0
166,771,0
487,736,0
177,400,0
140,810,0
138,1263,0
650,330,0
367,1107,0
578,1387,0
472,41,0
638,1222,0
401,1190,0
464,621,0
357,1387,0
368,887,0
635,883,0
478,1184,0
114,231,0
291,1080,0
488,483,0
133,1369,0
589,197,0
438,1295,0
79,400,0
438,1455,0
294,1261,0
551,349,0
592,807,0
121,460,0
141,1380,0
448,1078,0
422,621,0
232,960,0
482,490,0
410,176,0
416,1256,0
298,563,0
130,292,0
238,39,0
461,428,0
346,792,0
587,804,0
8,813,0
623,648,0
221,1411,0
427,952,0
19,1411,0
239,332,0
485,45,0
301,1447,0
157,192,0
410,855,0
42,79,0
61,594,0
376,253,0
5,214,0
248,878,0
179,1295,0
156,1302,0
553,106,0
452,1249,0
201,1097,0
37,663,0
272,1362,0
574,1402,0
222,859,0
277,205,0
457,417,0
281,745,0
231,1294,0
589,1493,0
312,602,0
636,508,0
34,277,0
109,0,0
611,933,0
247,369,0
548,1022,0
563,586,0
523,709,0
558,1353,0
524,1233,0
173,881,0
377,899,0
457,799,0
330,342,0
306,591,0
249,1377,0
624,999,0
255,76,0
315,708,0
241,26,0
460,799,0
628,1376,0
318,947,0
88,893,0
9,981,0
385,208,0
509,1089,0
308,1019,0
244,1098,0
703,893,0
57,569,0
191,912,0
69,443,0
623,1157,0
433,1441,0
161,980,0
478,1126,0
367,17,0
503,432,0
314,1467,0
122,577,0
164,771,0
628,1042,0
94,489,0
1,1508,0
369,784,0
311,935,0
208,840,0
610,632,0
449,25,0
702,273,0
249,1374,0
434,336,0
580,757,0
484,745,0
88,220,0
671,821,0
396,312,0
312,1194,0
530,986,0
388,157,0
187,127,0
324,1015,0
211,6,0
394,638,0
511,714,0
669,631,0
391,1309,0
599,729,0
282,996,0
0,811,0
423,451,0
579,548,0
458,491,0
238,651,0
77,1304,0
38,179,0
597,758,0
124,523,0
442,1253,0
604,1029,0
584,70,0
28,406,0
509,1132,0
533,1308,0
509,105,0
636,1063,0
431,1191,0
441,818,0
374,663,0
218,699,0
409,953,0
488,115,0
118,1199,0
655,1046,0
571,1490,0
238,439,0
258,991,0
636,1492,0
143,23,0
675,348,0
164,783,0
168,506,0
183,1207,0
494,27,0
436,810,0
187,813,0
538,238,0
601,1200,0
466,1220,0
600,630,0
84,121,0
323,717,0
693,124,0
663,124,0
627,949,0
316,604,0
489,345,0
368,835,0
667,256,0
0,1064,0
478,876,0
169,1187,0
6,1435,0
40,901,0
331,696,0
560,423,0
264,472,0
419,1223,0
378,1202,0
530,414,0
541,1100,0
41,119,0
608,296,0
478,1316,0
368,1084,0
511,689,0
103,409,0
39,1127,0
279,1351,0
612,46,0
119,729,0
242,1419,0
236,1333,0
291,291,0
288,617,0
372,805,0
302,1277,0
301,193,0
213,892,0
262,951,0
25,728,0
435,1478,0
232,1023,0
247,680,0
623,1307,0
381,85,0
121,1113,0
164,911,0
142,687,0
305,1480,0
574,1316,0
272,546,0
499,419,0
508,18,0
217,1396,0
439,1467,0
347,1081,0
207,1222,0
227,497,0
117,853,0
241,929,0
653,1117,0
521,1007,0
137,1483,0
125,1496,0
702,35,0
445,1126,0
636,318,0
305,825,0
618,553,0
524,31,0
667,946,0
214,1338,0
216,470,0
1,1288,0
70,1028,0
696,717,0
660,1492,0
313,1269,0
499,1337,0
215,49,0
506,718,0
435,780,0
608,1148,0
156,459,0
281,955,0
198,1168,0
275,302,0
275,274,0
654,372,0
665,913,0
570,260,0
570,1034,0
476,785,0
393,810,0
95,1138,0
52,1492,0
20,634,0
122,1200,0
647,420,0
68,628,0
424,541,0
154,1079,0
215,523,0
574,729,0
644,1475,0
239,1226,0
200,473,0
374,531,0
602,1059,0
73,152,0
529,966,0
244,346,0
206,724,0
99,851,0
284,710,0
535,971,0
159,989,0
86,1291,0
377,739,0
621,114,0
349,155,0
611,1395,0
236,1258,0
395,409,0
67,905,0
231,270,0
706,1284,0
57,464,0
189,885,0
412,1102,0
289,600,0
607,385,0
21,795,0
181,1206,0
698,1337,0
310,78,0
70,579,0
616,198,0
411,548,0
634,107,0
436,749,0
249,1266,0
6,1289,0
654,1056,0
687,1046,0
590,1483,0
62,454,0
18,1065,0
239,887,0
430,993,0
61,433,0
305,3,0
164,1341,0
312,221,0
365,981,0
376,376,0
404,53,0
629,1047,0
6,474,0
397,146,0
349,1387,0
490,486,0
399,540,0
120,1460,0
299,1182,0
541,1221,0
136,700,0
56,375,0
514,1228,0
493,124,0
239,990,0
115,186,0
158,400,0
501,91,0
429,1248,0
230,1245,0
365,85,0
574,430,0
431,1260,0
383,574,0
519,948,0
84,828,0
698,376,0
451,381,0
221,1413,0
274,42,0
142,93,0
284,980,0
300,466,0
334,56,0
699,1406,0
601,1143,0
17,232,0
544,340,0
387,1324,0
158,1000,0
696,1403,0
298,8,0
216,35,0
313,1274,0
203,1037,0
472,190,0
166,1365,0
445,1051,0
417,1393,0
211,770,0
499,123,0
154,119,0
405,1060,0
172,185,0
342,1414,0
155,1229,0
74,485,0
704,367,0
459,1170,0
631,1296,0
554,1196,0
530,418,0
187,143,0
404,976,0
589,1435,0
383,1295,0
443,84,0
321,352,0
137,186,0
628,223,0
218,788,0
23,789,0
84,364,0
335,741,0
596,215,0
687,586,0
511,239,0
557,163,0
191,324,0
638,260,0
343,1399,0
100,839,0
469,845,0
514,919,0
555,1238,0
600,1458,0
341,1018,0
158,1343,0
299,1172,0
555,210,0
698,916,0
64,1053,0
549,893,0
63,572,0
652,1471,0
453,752,0
166,653,0
24,31,0
146,1071,0
525,48,0
508,488,0
465,917,0
238,812,0
97,1036,0
539,142,0
271,614,0
368,70,0
45,149,0
473,171,0
201,519,0
263,586,0
36,139,0
341,1023,0
116,214,0
619,756,0
307,632,0
61,36,0
235,1017,0
575,1019,0
271,397,0
472,1324,0
319,1083,0
638,1403,0
108,874,0
159,1154,0
343,1351,0
643,1266,0
439,807,0
656,874,0
44,723,0
391,193,0
378,1148,0
385,291,0
411,1211,0
637,274,0
134,1384,0
429,352,0
316,654,0
520,1346,0
111,363,0
247,761,0
347,990,0
270,1384,0
48,629,0
166,1453,0
202,38,0
641,458,0
470,12,0
108,1314,0
162,1387,0
48,465,0
632,948,0
609,596,0
544,88,0
437,419,0
296,961,0
95,440,0
356,3,0
625,77,0
626,931,0
545,1169,0
564,914,0
381,1001,0
634,468,0
424,1199,0
269,251,0
224,1144,0
628,1304,0
704,1292,0
612,1234,0
120,769,0
450,712,0
435,413,0
518,61,0
428,839,0
365,738,0
468,331,0
81,877,0
540,844,0
562,1509,0
234,555,0
246,843,0
574,154,0
443,336,0
419,415,0
561,1453,0
657,603,0
325,710,0
495,980,0
456,575,0
490,263,0
509,710,0
363,211,0
138,1390,0
260,1076,0
327,115,0
242,124,0
452,1022,0
42,1432,0
310,1476,0
207,1496,0
594,299,0
22,1217,0
699,1499,0
681,384,0
110,584,0
646,698,0
622,445,0
597,617,0
601,954,0
152,901,0
576,1023,0
173,380,0
219,700,0
507,920,0
487,1010,0
137,1110,0
364,607,0
653,986,0
19,905,0
425,733,0
382,797,0
492,1116,0
45,407,0
592,1152,0
381,750,0
474,558,0
44,161,0
249,430,0
423,832,0
227,1131,0
570,263,0
205,192,0
193,1259,0
429,1125,0
624,214,0
400,913,0
654,1111,0
640,476,0
703,119,0
17,1171,0
296,1186,0
259,659,0
471,1309,0
504,1447,0
230,493,0
231,743,0
446,981,0
299,17,0
137,1486,0
134,1248,0
37,1475,0
646,79,0
394,907,0
465,178,0
92,513,0
145,463,0
65,1052,0
177,827,0
137,1327,0
662,1243,0
234,794,0
267,498,0
68,636,0
522,1449,0
94,660,0
532,604,0
81,561,0
218,1166,0
126,142,0
400,11,0
377,180,0
250,1355,0
90,1306,0
191,1070,0
71,1441,0
163,494,0
50,425,0
38,1101,0
119,1001,0
557,1261,0
119,537,0
533,399,0
116,1394,0
261,1419,0
46,1451,0
206,1216,0
412,501,0
433,1,0
468,702,0
132,294,0
705,1178,0
419,927,0
692,1146,0
527,323,0
501,940,0
585,229,0
369,324,0
166,369,0
156,1239,0
29,578,0
181,582,0
256,1395,0
580,822,0
628,444,0
44,779,0
574,1197,0
528,332,0
158,740,0
545,835,0
259,1477,0
18,1406,0
447,762,0
195,899,0
577,1255,0
508,781,0
12,199,0
623,988,0
32,70,0
465,1201,0
296,497,0
122,841,0
546,1334,0
169,969,0
232,589,0
576,13,0
500,612,0
307,2,0
591,70,0
530,1377,0
120,835,0
344,99,0
607,1398,0
621,1165,0
412,47,0
668,838,0
473,63,0
270,1358,0
615,421,0
507,780,0
647,55,0
549,909,0
43,126,0
498,806,0
279,512,0
38,736,0
25,873,0
260,886,0
433,1315,0
318,1091,0
331,914,0
234,388,0
500,941,0
694,908,0
248,1477,0
475,903,0
531,296,0
299,300,0
359,435,0
541,271,0
53,12,0
65,868,0
85,901,0
630,743,0
595,1148,0
702,52,0
695,1406,0
308,303,0
659,331,0
551,206,0
256,911,0
316,661,0
654,401,0
513,1441,0
573,747,0
181,1067,0
45,1187,0
387,1328,0
170,1123,0
263,390,0
680,740,0
435,759,0
384,1392,0
427,762,0
161,911,0
487,1370,0
379,1373,0
693,1033,0
165,1470,0
10,593,0
194,1382,0
348,334,0
595,395,0
453,558,0
543,60,0
100,1146,0
563,132,0
487,1052,0
698,1409,0
28,1112,0
536,973,0
588,297,0
569,475,0
88,129,0
91,193,0
4,1016,0
375,1469,0
178,280,0
525,75,0
5,1002,0
464,1085,0
458,1162,0
241,243,0
568,500,0
350,151,0
517,880,0
212,1177,0
128,520,0
190,837,0
409,1246,0
589,9,0
545,593,0
351,1198,0
581,1495,0
452,990,0
389,211,0
361,212,0
336,376,0
58,588,0
371,1474,0
46,815,0
584,555,0
401,1069,0
219,795,0
182,481,0
109,712,0
146,577,0
112,1376,0
420,136,0
349,1079,0
334,215,0
398,1086,0
377,538,0
684,1438,0
452,1387,0
215,1450,0
671,1163,0
416,1253,0
196,996,0
689,1079,0
272,512,0
659,90,0
610,1425,0
477,1370,0
127,1061,0
278,1090,0
319,475,0
677,880,0
198,297,0
455,1429,0
334,1203,0
193,1413,0
144,266,0
139,1488,0
302,667,0
400,1040,0
505,1429,0
238,1247,0
624,1505,0
59,1226,0
656,172,0
611,450,0
563,1080,0
51,590,0
127,447,0
226,362,0
640,1176,0
128,1165,0
121,1434,0
483,1499,0
62,769,0
115,323,0
589,561,0
30,288,0
196,564,0
263,371,0
496,654,0
220,437,0
65,570,0
411,949,0
327,797,0
667,626,0
506,861,0
157,595,0
181,329,0
458,1224,0
139,59,0
651,1062,0
625,472,0
474,317,0
297,1073,0
382,890,0
67,718,0
507,1238,0
398,133,0
471,557,0
64,1253,0
312,97,0
25,1293,0
629,1209,0
423,113,0
479,580,0
608,195,0
62,1507,0
576,172,0
83,529,0
555,262,0
678,1295,0
162,834,0
148,271,0
349,980,0
344,1405,0
501,885,0
667,1369,0
493,555,0
473,1201,0
22,873,0
485,737,0
181,90,0
536,1307,0
465,613,0
277,3,0
701,989,0
430,210,0
530,182,0
505,598,0
135,563,0
44,1194,0
557,617,0
243,310,0
519,1166,0
506,1382,0
604,1284,0
128,935,0
152,1025,0
565,238,0
490,306,0
262,1348,0
625,1202,0
570,1293,0
636,1112,0
99,229,0
667,917,0
457,656,0
95,331,0
454,1181,0
489,480,0
289,923,0
483,183,0
543,399,0
376,871,0
386,185,0
395,903,0
522,486,0
665,494,0
331,1232,0
178,1385,0
10,47,0
699,122,0
209,1188,0
636,516,0
210,1490,0
238,412,0
283,1341,0
13,1298,0
460,441,0
104,324,0
100,411,0
356,858,0
264,554,0
455,385,0
568,990,0
493,214,0
247,1139,0
453,688,0
45,26,0
697,629,0
19,1461,0
162,1066,0
225,321,0
634,653,0
90,191,0
624,370,0
120,688,0
527,569,0
23,762,0
440,931,0
8,1033,0
546,1459,0
133,1071,0
220,305,0
504,573,0
240,127,0
358,603,0
91,297,0
540,816,0
352,1202,0
514,1500,0
408,443,0
276,1466,0
405,62,0
116,103,0
67,1322,0
192,808,0
138,649,0
360,545,0
470,292,0
341,400,0
55,941,0
453,697,0
342,559,0
657,388,0
555,363,0
212,887,0
108,315,0
586,1061,0
620,1349,0
129,315,0
492,1263,0
388,1084,0
557,1173,0
151,1404,0
246,939,0
670,949,0
545,685,0
8,1402,0
163,722,0
636,369,0
608,388,0
507,154,0
405,344,0
310,807,0
344,759,0
452,448,0
682,1209,0
154,186,0
29,253,0
600,106,0
532,725,0
579,1160,0
271,1262,0
33,70,0
279,1438,0
81,676,0
45,586,0
226,910,0
414,1187,0
6,1240,0
533,178,0
99,267,0
135,197,0
216,924,0
466,680,0
189,589,0
234,1338,0
35,506,0
40,1059,0
686,431,0
635,1224,0
478,873,0
390,1068,0
699,689,0
612,1498,0
141,1338,0
324,1056,0
270,827,0
477,1120,0
568,250,0
641,993,0
468,1120,0
58,1397,0
257,1200,0
600,149,0
61,213,0
532,827,0
174,289,0
431,883,0
492,771,0
21,1192,0
239,195,0
374,1312,0
605,264,0
356,767,0
352,1192,0
706,625,0
242,155,0
461,443,0
26,33,0
106,1134,0
525,538,0
32,1500,0
56,145,0
444,1209,0
4,908,0
170,605,0
607,1417,0
256,118,0
75,82,0
197,33,0
682,460,0
579,813,0
276,1262,0
172,1018,0
115,1102,0
590,907,0
491,775,0
143,473,0
30,14,0
85,1172,0
93,1356,0
172,1445,0
319,711,0
707,992,0
676,193,0
429,1334,0
177,867,0
604,1022,0
705,672,0
424,615,0
206,143,0
242,1066,0
48,898,0
395,508,0
693,343,0
222,759,0
414,695,0
502,899,0
93,94,0
609,1499,0
265,834,0
339,1312,0
28,66,0
20,1209,0
209,769,0
618,90,0
125,946,0
181,19,0
392,979,0
487,316,0
205,1222,0
183,1033,0
618,253,0
636,944,0
617,1477,0
1,14,0
444,142,0
503,27,0
413,543,0
40,612,0
117,722,0
513,1166,0
460,305,0
372,677,0
598,935,0
463,21,0
255,52,0
479,973,0
299,353,0
214,138,0
199,1466,0
436,1040,0
409,1378,0
124,1483,0
21,1411,0
231,189,0
681,1110,0
121,994,0
230,291,0
593,1378,0
30,1161,0
24,104,0
528,165,0
415,261,0
348,939,0
302,632,0
647,938,0
390,1160,0
638,363,0
115,1327,0
361,271,0
171,1377,0
480,720,0
226,470,0
383,363,0
439,342,0
623,1400,0
28,872,0
546,1260,0
3,811,0
155,581,0
174,223,0
542,818,0
616,1215,0
496,964,0
173,961,0
229,472,0
45,304,0
260,657,0
118,764,0
383,429,0
251,235,0
549,1258,0
456,1402,0
61,370,0
364,1164,0
231,920,0
232,1326,0
93,1467,0
673,1442,0
562,279,0
10,564,0
658,1338,0
148,417,0
420,710,0
60,247,0
251,1269,0
488,424,0
153,45,0
478,1487,0
520,945,0
543,888,0
499,417,0
181,544,0
646,987,0
257,1396,0
166,516,0
371,105,0
541,1222,0
259,77,0
378,642,0
370,31,0
176,154,0
351,666,0
130,397,0
472,1359,0
136,896,0
532,430,0
550,119,0
154,597,0
244,1312,0
529,741,0
652,255,0
194,1404,0
268,40,0
403,434,0
77,1009,0
288,380,0
575,928,0
107,767,0
117,880,0
198,754,0
536,1359,0
98,1048,0
315,516,0
223,1489,0
15,1246,0
579,888,0
19,1038,0
60,128,0
218,1038,0
92,862,0
6,261,0
578,1339,0
157,991,0
387,566,0
45,729,0
46,594,0
329,832,0
582,148,0
283,783,0
481,177,0
191,938,0
99,1255,0
427,144,0
141,1463,0
206,621,0
134,514,0
59,1151,0
34,963,0
660,775,0
340,984,0
283,1148,0
137,232,0
543,65,0
36,615,0
376,1400,0
475,722,0
611,204,0
151,1017,0
378,969,0
20,1101,0
337,844,0
91,269,0
641,999,0
396,629,0
557,548,0
256,241,0
209,872,0
601,257,0
549,1090,0
123,32,0
702,716,0
333,1184,0
419,201,0
213,455,0
385,1496,0
701,876,0
519,333,0
108,1061,0
706,312,0
618,1472,0
483,405,0
1,27,0
192,927,0
340,1213,0
404,886,0
6,408,0
69,502,0
580,461,0
110,646,0
235,299,0
136,908,0
594,343,0
662,210,0
499,723,0
438,1288,0
14,488,0
506,359,0
54,1215,0
149,107,0
448,823,0
79,1065,0
568,99,0
143,2,0
277,292,0
677,901,0
1,831,0
435,717,0
318,105,0
144,1158,0
631,1202,0
588,833,0
423,82,0
409,820,0
521,991,0
508,888,0
366,428,0
284,1505,0
624,1211,0
549,337,0
353,811,0
683,424,0
458,376,0
279,572,0
142,803,0
162,628,0
337,1276,0
621,1372,0
357,1398,0
311,771,0
120,423,0
457,831,0
194,356,0
562,598,0
468,171,0
512,286,0
648,599,0
471,485,0
444,1395,0
295,1021,0
53,1131,0
439,1285,0
563,1225,0
459,493,0
5,574,0
239,580,0
219,1467,0
666,1308,0
164,258,0
683,107,0
266,326,0
242,1205,0
564,378,0
201,892,0
696,1500,0
389,1485,0
628,1326,0
285,1261,0
105,966,0
571,869,0
120,25,0
593,921,0
393,1032,0
180,1453,0
567,907,0
118,118,0
182,967,0
243,870,0
204,411,0
56,1308,0
26,1293,0
668,126,0
211,1004,0
547,1166,0
605,362,0
650,386,0
148,191,0
192,724,0
174,1343,0
549,1127,0
1,1009,0
411,774,0
400,1004,0
78,1036,0
109,1131,0
233,521,0
194,201,0
561,1023,0
373,405,0
520,551,0
1,143,0
375,751,0
210,348,0
675,1006,0
511,94,0
600,758,0
421,1359,0
254,41,0
34,191,0
684,426,0
613,963,0
597,544,0
582,1152,0
339,356,0
538,611,0
587,547,0
486,727,0
71,941,0
631,730,0
6,646,0
21,141,0
199,879,0
123,939,0
147,770,0
472,940,0
541,201,0
624,18,0
251,752,0
11,1332,0
365,1215,0
611,1088,0
327,296,0
329,1116,0
433,176,0
291,333,0
622,514,0
514,833,0
243,1289,0
37,98,0
278,336,0
224,860,0
315,1424,0
180,318,0
525,116,0
532,103,0
564,334,0
618,468,0
647,1163,0
433,1148,0
254,510,0
37,732,0
570,714,0
531,1168,0
132,407,0
676,198,0
31,755,0
116,1157,0
593,1136,0
160,348,0
624,51,0
392,1136,0
395,468,0
128,128,0
667,1261,0
229,1138,0
460,503,0
116,329,0
251,453,0
565,272,0
482,1350,0
505,851,0
695,462,0
249,351,0
613,1117,0
220,555,0
641,1180,0
428,1239,0
413,1211,0
196,899,0
310,1434,0
643,298,0
39,954,0
540,1226,0
10,1059,0
569,1114,0
616,226,0
500,828,0
419,1365,0
509,283,0
503,140,0
296,1022,0
461,717,0
16,179,0
422,242,0
562,935,0
323,1048,0
631,389,0
527,468,0
55,485,0
337,1210,0
537,676,0
554,1295,0
639,496,0
459,177,0
513,557,0
534,340,0
68,32,0
181,510,0
115,691,0
512,38,0
178,420,0
90,793,0
294,1042,0
496,1439,0
391,653,0
528,1015,0
348,332,0
478,830,0
332,142,0
291,181,0
346,1165,0
380,1185,0
406,1118,0
35,763,0
433,956,0
500,498,0
382,1478,0
291,316,0
216,1154,0
94,898,0
453,864,0
456,846,0
75,949,0
635,1077,0
145,293,0
111,283,0
354,797,0
419,687,0
381,608,0
449,1077,0
463,843,0
69,964,0
443,663,0
578,621,0
431,142,0
133,849,0
587,636,0
301,943,0
525,965,0
104,890,0
361,771,0
668,1455,0
490,405,0
478,937,0
647,517,0
593,1270,0
530,1476,0
643,864,0
71,61,0
431,654,0
212,548,0
221,1256,0
701,1300,0
38,527,0
618,552,0
705,375,0
173,1384,0
220,326,0
199,805,0
14,1244,0
368,910,0
243,982,0
433,1097,0
115,1003,0
370,772,0
351,1430,0
394,1170,0
459,12,0
640,431,0
198,842,0
266,117,0
601,694,0
257,831,0
583,1231,0
683,1172,0
302,1410,0
54,1244,0
341,1390,0
59,1183,0
373,532,0
509,28,0
697,632,0
381,181,0
471,132,0
610,200,0
281,618,0
240,1255,0
390,668,0
201,393,0
562,345,0
266,474,0
703,1032,0
570,1152,0
105,1445,0
367,1302,0
333,211,0
590,1213,0
18,844,0
180,1391,0
93,157,0
462,221,0
690,861,0
51,1001,0
203,982,0
544,205,0
398,258,0
44,609,0
236,1499,0
79,1272,0
273,269,0
462,1260,0
130,1399,0
71,1368,0
422,198,0
40,1456,0
130,1256,0
6,286,0
44,1283,0
489,1439,0
88,975,0
622,1199,0
345,455,0
697,198,0
131,176,0
279,1084,0
340,147,0
197,840,0
366,1381,0
0,1287,0
299,60,0
193,1213,0
374,860,0
584,783,0
73,298,0
284,473,0
27,620,0
300,532,0
303,721,0
488,40,0
656,681,0
505,771,0
95,184,0
311,359,0
397,15,0
566,485,0
313,1044,0
639,32,0
602,172,0
479,909,0
235,656,0
425,860,0
75,71,0
379,1440,0
649,561,0
658,1275,0
555,1042,0
7,1053,0
542,603,0
553,569,0
676,686,0
555,1231,0
75,680,0
283,1107,0
293,415,0
158,256,0
656,899,0
427,1424,0
668,754,0
520,1020,0
341,934,0
465,729,0
225,1226,0
648,1361,0
134,322,0
406,1498,0
0,618,0
659,1478,0
501,756,0
307,979,0
220,541,0
243,1182,0
232,837,0
304,1505,0
41,632,0
584,1029,0
602,357,0
500,110,0
523,1072,0
109,389,0
402,320,0
192,847,0
201,22,0
309,648,0
130,1050,0
550,1309,0
645,691,0
65,1048,0
644,339,0
340,1406,0
531,1476,0
496,12,0
244,1379,0
307,1418,0
705,143,0
241,1249,0
60,686,0
118,344,0
166,1411,0
134,1185,0
381,833,0
498,295,0
579,1455,0
32,775,0
350,719,0
666,1454,0
340,522,0
362,1184,0
141,636,0
531,674,0
250,608,0
350,242,0
502,1159,0
527,1481,0
249,649,0
629,1190,0
38,677,0
146,1225,0
450,826,0
687,160,0
452,1021,0
410,1023,0
128,1392,0
416,1291,0
427,874,0
366,354,0
644,828,0
169,1025,0
373,609,0
124,39,0
325,949,0
205,673,0
446,710,0
88,1172,0
385,1010,0
306,927,0
632,901,0
620,139,0
218,801,0
338,1180,0
501,1221,0
144,1396,0
381,1258,0
101,637,0
349,4,0
207,1126,0
677,1486,0
576,235,0
599,1095,0
269,1191,0
444,1108,0
357,1403,0
626,484,0
211,1359,0
681,1277,0
43,19,0
573,1452,0
481,758,0
408,1129,0
385,218,0
670,818,0
417,543,0
256,698,0
567,550,0
320,139,0
201,779,0
284,586,0
372,433,0
224,1404,0
608,211,0
427,1378,0
328,993,0
4,1319,0
144,1106,0
28,844,0
518,1440,0
198,1077,0
209,442,0
488,1216,0
460,191,0
580,416,0
598,471,0
7,361,0
615,1204,0
4,1398,0
654,730,0
39,1504,0
144,1101,0
509,605,0
628,748,0
556,584,0
544,1225,0
582,582,0
619,174,0
534,44,0
148,502,0
589,291,0
321,1272,0
23,972,0
452,476,0
40,905,0
624,1439,0
595,1008,0
702,1015,0
652,1073,0
326,1398,0
373,899,0
586,872,0
565,664,0
9,541,0
514,1080,0
578,556,0
220,275,0
597,563,0
659,1336,0
614,641,0
55,841,0
247,210,0
458,438,0
697,12,0
75,900,0
526,114,0
302,995,0
358,534,0
603,185,0
534,1063,0
190,378,0
14,1422,0
296,1496,0
249,705,0
588,480,0
36,1289,0
479,78,0
33,751,0
411,113,0
151,138,0
304,827,0
418,280,0
271,427,0
181,335,0
489,214,0
106,369,0
398,985,0
661,459,0
399,837,0
633,1132,0
40,191,0
54,496,0
600,1322,0
425,1065,0
226,38,0
543,958,0
260,747,0
568,1367,0
59,1311,0
697,600,0
541,90,0
464,855,0
530,773,0
298,1261,0
162,260,0
637,568,0
122,646,0
465,919,0
537,33,0
196,130,0
229,122,0
198,1484,0
313,822,0
9,708,0
301,1329,0
365,388,0
17,1148,0
698,411,0
427,1284,0
364,1275,0
295,1303,0
419,526,0
10,1311,0
15,1306,0
177,1413,0
574,184,0
500,1468,0
498,318,0
64,411,0
175,378,0
52,346,0
362,1000,0
495,329,0
626,796,0
645,1139,0
357,1337,0
233,1035,0
110,688,0
592,1056,0
597,666,0
539,99,0
295,1136,0
139,1302,0
300,971,0
493,575,0
24,318,0
360,665,0
391,470,0
475,1496,0
67,835,0
89,994,0
217,1370,0
658,789,0
459,1084,0
406,1095,0
619,177,0
694,251,0
428,382,0
516,1291,0
311,1225,0
314,1317,0
642,1110,0
116,1437,0
38,96,0
74,556,0
390,1204,0
504,677,0
73,1258,0
624,737,0
332,223,0
101,1311,0
70,753,0
704,247,0
453,308,0
220,819,0
343,1406,0
405,501,0
590,1346,0
198,286,0
119,132,0
193,1199,0
560,1101,0
101,1171,0
252,419,0
321,892,0
597,348,0
608,281,0
98,940,0
405,25,0
606,1419,0
619,833,0
165,802,0
608,141,0
601,879,0
248,220,0
364,503,0
17,370,0
673,803,0
306,574,0
110,1275,0
174,968,0
594,255,0
136,741,0
429,1109,0
168,51,0
49,783,0
613,402,0
335,209,0
655,1,0
372,184,0
702,1205,0
530,13,0
158,434,0
527,1087,0
537,726,0
280,1480,0
251,1306,0
516,312,0
411,907,0
119,997,0
547,1159,0
537,706,0
150,1393,0
268,835,0
475,185,0
609,702,0
36,75,0
295,1015,0
85,801,0
304,774,0
524,1214,0
540,765,0
657,76,0
519,719,0
10,103,0
387,528,0
131,1144,0
635,68,0
672,1351,0
242,706,0
178,1073,0
245,1430,0
560,1240,0
432,750,0
84,178,0
559,1383,0
648,1046,0
0,999,0
493,1150,0
369,440,0
251,1291,0
125,37,0
252,813,0
56,57,0
90,1030,0
525,1140,0
159,684,0
264,475,0
380,560,0
645,1336,0
266,911,0
219,233,0
205,550,0
453,584,0
302,459,0
171,3,0
52,26,0
334,656,0
203,1160,0
583,14,0
482,643,0
424,506,0
192,770,0
354,1221,0
311,868,0
216,55,0
625,5,0
384,1341,0
707,734,0
144,1451,0
629,533,0
152,1245,0
388,1245,0
538,44,0
677,702,0
274,1173,0
170,1111,0
518,1255,0
366,159,0
149,1261,0
198,905,0
12,528,0
238,1309,0
574,1246,0
189,338,0
218,774,0
300,307,0
40,282,0
0,1500,0
300,49,0
667,410,0
237,469,0
656,1128,0
312,46,0
513,488,0
673,996,0
522,1021,0
705,499,0
623,494,0
163,836,0
552,1009,0
488,164,0
682,896,0
58,1304,0
591,122,0
453,364,0
82,704,0
62,1103,0
66,727,0
81,1087,0
242,563,0
308,265,0
333,769,0
577,540,0
253,714,0
644,1291,0
21,820,0
632,332,0
24,551,0
5,330,0
483,461,0
578,421,0
653,1034,0
396,1376,0
174,1305,0
279,1061,0
189,1222,0
427,102,0
49,82,0
662,1368,0
418,624,0
172,407,0
152,532,0
99,1423,0
625,501,0
693,867,0
658,952,0
569,1482,0
144,942,0
297,458,0
226,785,0
478,977,0
503,894,0
585,1383,0
428,93,0
216,1442,0
46,323,0
220,954,0
143,419,0
10,1171,0
322,811,0
75,802,0
441,1497,0
609,463,0
703,761,0
380,969,0
253,988,0
114,1394,0
339,227,0
0,531,0
185,1243,0
553,1121,0
463,1198,0
507,1373,0
688,344,0
497,706,0
622,622,0
319,128,0
457,1368,0
205,1502,0
367,184,0
419,1316,0
11,1042,0
667,419,0
280,1355,0
701,1445,0
149,518,0
94,1319,0
480,296,0
58,556,0
215,1271,0
550,703,0
398,361,0
279,208,0
642,1397,0
534,28,0
625,22,0
446,1353,0
276,81,0
493,286,0
700,1302,0
290,1421,0
181,450,0
477,1285,0
308,745,0
151,504,0
347,1027,0
214,905,0
182,1441,0
328,301,0
343,1050,0
483,114,0
461,749,0
390,332,0
249,508,0
612,589,0
273,1010,0
69,1326,0
683,1040,0
158,311,0
427,682,0
127,720,0
245,885,0
25,756,0
516,249,0
74,1067,0
699,994,0
315,472,0
675,1420,0
316,57,0
88,718,0
376,492,0
277,246,0
409,920,0
87,528,0
575,1293,0
458,1094,0
353,1094,0
208,805,0
58,372,0
104,963,0
36,469,0
376,1082,0
67,1326,0
477,136,0
588,235,0
271,1298,0
76,907,0
653,107,0
326,424,0
368,489,0
525,847,0
349,274,0
533,182,0
27,547,0
459,325,0
603,1064,0
216,1423,0
285,213,0
601,529,0
544,39,0
457,834,0
13,530,0
42,117,0
89,1094,0
470,1409,0
642,994,0
626,677,0
365,996,0
580,929,0
292,1278,0
445,1480,0
191,273,0
657,985,0
465,251,0
372,538,0
569,351,0
110,1466,0
149,859,0
167,1026,0
88,373,0
683,1321,0
204,612,0
177,860,0
446,326,0
427,154,0
2,79,0
404,145,0
164,425,0
85,1223,0
337,455,0
654,914,0
255,1419,0
78,124,0
678,1063,0
378,500,0
385,1411,0
296,324,0
193,918,0
107,1051,0
260,630,0
175,11,0
181,1186,0
465,1066,0
620,760,0
131,1281,0
329,721,0
440,576,0
504,861,0
433,1453,0
387,1122,0
226,373,0
67,826,0
328,1111,0
445,1021,0
369,951,0
438,1253,0
656,651,0
330,457,0
39,347,0
183,1435,0
403,1160,0
58,1039,0
179,1021,0
39,237,0
442,1018,0
175,438,0
445,1066,0
676,1427,0
79,1008,0
338,109,0
278,608,0
614,59,0
687,452,0
296,1326,0
192,960,0
131,1009,0
189,1372,0
376,463,0
255,1203,0
361,1385,0
470,1278,0
456,960,0
607,284,0
351,1435,0
499,1032,0
700,43,0
314,1027,0
560,1108,0
313,1078,0
685,741,0
293,218,0
201,470,0
485,530,0
234,1134,0
530,591,0
310,367,0
620,320,0
398,575,0
324,974,0
312,64,0
56,1053,0
306,855,0
686,1439,0
476,799,0
686,91,0
389,873,0
508,1072,0
421,1458,0
34,370,0
678,1075,0
368,149,0
195,1324,0
352,140,0
92,1022,0
214,130,0
193,662,0
688,44,0
215,177,0
679,1198,0
18,497,0
381,1468,0
128,973,0
657,1125,0
581,831,0
153,538,0
465,321,0
626,882,0
582,185,0
652,700,0
436,1077,0
464,438,0
250,458,0
17,1331,0
13,1143,0
273,266,0
541,477,0
522,496,0
170,1029,0
130,1001,0
698,589,0
273,859,0
51,1337,0
388,155,0
516,622,0
71,235,0
1,760,0
180,323,0
454,1375,0
530,401,0
629,1065,0
361,684,0
86,1430,0
357,83,0
292,920,0
308,1206,0
151,501,0
45,1461,0
0,689,0
22,629,0
255,1339,0
34,988,0
5,2,0
201,847,0
201,883,0
20,1420,0
172,1500,0
632,663,0
596,1187,0
272,569,0
94,702,0
465,61,0
393,1016,0
396,1176,0
217,894,0
252,74,0
422,749,0
605,158,0
694,14,0
218,472,0
486,390,0
678,749,0
509,876,0
667,341,0
571,1202,0
613,360,0
347,1317,0
343,1079,0
372,197,0
571,3,0
641,378,0
304,599,0
419,347,0
463,442,0
105,317,0
202,244,0
94,1464,0
20,570,0
160,1283,0
507,1112,0
684,691,0
564,1487,0
128,795,0
91,1075,0
279,1263,0
421,429,0
19,1240,0
148,497,0
494,1048,0
340,727,0
586,1419,0
346,755,0
15,599,0
329,462,0
618,278,0
326,1015,0
661,228,0
347,1380,0
375,221,0
10,751,0
546,735,0
398,32,0
704,626,0
268,897,0
2,342,0
433,1336,0
119,541,0
71,648,0
177,764,0
279,1154,0
482,618,0
258,1356,0
175,1016,0
67,574,0
160,295,0
0,912,0
75,1060,0
256,10,0
99,388,0
106,602,0
380,146,0
599,1232,0
519,1191,0
76,288,0
532,39,0
4,1146,0
1,1003,0
116,746,0
565,1035,0
200,1168,0
36,192,0
211,1052,0
279,1068,0
591,731,0
631,1076,0
376,1115,0
84,806,0
428,275,0
466,728,0
575,1406,0
305,433,0
330,259,0
325,1492,0
654,535,0
651,650,0
151,1030,0
311,447,0
686,227,0
48,798,0
446,139,0
83,1144,0
239,929,0
334,315,0
325,1087,0
527,1198,0
681,766,0
368,1108,0
72,263,0
237,1169,0
688,1265,0
364,121,0
415,602,0
145,35,0
209,77,0
52,345,0
454,814,0
278,1365,0
331,1366,0
532,1021,0
229,1175,0
443,352,0
369,567,0
601,1442,0
556,1496,0
554,703,0
36,1423,0
292,373,0
485,36,0
277,1322,0
560,382,0
91,1336,0
597,1252,0
361,1311,0
8,137,0
348,217,0
489,1087,0
486,491,0
477,331,0
16,1409,0
461,669,0
681,409,0
341,933,0
600,1213,0
411,1196,0
94,789,0
214,173,0
468,1489,0
554,975,0
151,1214,0
25,346,0
139,256,0
594,157,0
666,1097,0
638,629,0
284,1269,0
180,1315,0
71,527,0
685,1060,0
701,646,0
682,1509,0
686,7,0
538,89,0
493,1162,0
148,6,0
268,161,0
636,702,0
501,699,0
448,1386,0
618,13,0
79,297,0
373,754,0
488,13,0
140,1503,0
323,733,0
488,990,0
670,1188,0
102,683,0
140,360,0
520,1066,0
370,50,0
174,116,0
272,403,0
285,406,0
650,178,0
280,271,0
217,252,0
13,562,0
318,229,0
352,1138,0
211,1067,0
293,1327,0
344,1103,0
427,710,0
343,188,0
406,524,0
262,1429,0
693,1114,0
524,308,0
562,431,0
156,518,0
647,1317,0
609,124,0
368,255,0
247,344,0
494,1400,0
371,406,0
343,988,0
302,1440,0
415,933,0
527,817,0
613,321,0
14,1190,0
315,402,0
262,23,0
226,758,0
654,647,0
207,1207,0
657,397,0
374,563,0
672,182,0
329,1123,0
241,437,0
106,554,0
405,1319,0
243,673,0
11,1272,0
482,1046,0
423,50,0
103,478,0
90,1486,0
548,25,0
214,1117,0
228,1088,0
655,1374,0
331,1469,0
31,965,0
104,703,0
20,660,0
615,872,0
249,584,0
324,380,0
8,178,0
655,974,0
516,836,0
235,547,0
392,290,0
215,764,0
377,453,0
318,262,0
369,391,0
164,228,0
668,990,0
316,1308,0
272,628,0
120,1501,0
280,698,0
372,1055,0
531,582,0
115,441,0
83,267,0
518,892,0
551,1040,0
702,1107,0
628,183,0
614,1358,0
315,132,0
382,1239,0
449,1475,0
109,1235,0
527,356,0
204,506,0
300,311,0
464,976,0
435,428,0
296,790,0
271,753,0
224,766,0
416,1343,0
500,1298,0
130,701,0
501,488,0
378,1367,0
329,1501,0
691,762,0
209,1034,0
40,337,0
425,672,0
215,1277,0
14,390,0
219,1349,0
620,579,0
142,770,0
687,1501,0
403,581,0
164,433,0
123,854,0
324,507,0
612,437,0
624,379,0
281,103,0
2,589,0
448,988,0
171,600,0
555,410,0
194,638,0
465,1173,0
604,611,0
21,271,0
439,512,0
582,234,0
488,1220,0
326,439,0
49,1250,0
146,377,0
326,381,0
215,698,0
613,722,0
62,95,0
302,984,0
0,885,0
548,280,0
342,802,0
126,659,0
71,1403,0
276,114,0
578,894,0
608,1397,0
398,324,0
559,1158,0
220,312,0
219,962,0
82,393,0
178,123,0
380,247,0
370,1009,0
557,1392,0
612,974,0
241,315,0
189,261,0
577,385,0
445,237,0
189,303,0
475,1406,0
664,228,0
86,311,0
705,26,0
89,1011,0
590,579,0
244,574,0
610,687,0
367,1367,0
588,1420,0
4,1066,0
150,491,0
305,140,0
455,1208,0
310,628,0
479,838,0
351,293,0
249,660,0
614,795,0
260,980,0
563,196,0
345,658,0
314,1424,0
693,1,0
248,1475,0
507,722,0
415,89,0
189,503,0
646,275,0
343,625,0
651,1032,0
216,481,0
156,1068,0
666,198,0
90,596,0
697,538,0
276,79,0
195,1383,0
298,1156,0
635,1467,0
118,137,0
396,170,0
602,363,0
663,1065,0
382,668,0
643,836,0
70,1084,0
343,471,0
284,138,0
334,480,0
556,395,0
695,468,0
668,956,0
204,1432,0
486,1199,0
389,906,0
215,997,0
118,1193,0
345,1337,0
252,1485,0
38,105,0
260,814,0
91,594,0
531,635,0
316,700,0
433,1098,0
645,534,0
442,805,0
600,112,0
97,1322,0
505,722,0
20,543,0
181,117,0
462,283,0
544,216,0
67,535,0
39,536,0
541,651,0
637,136,0
649,816,0
615,325,0
167,958,0
675,1013,0
582,1078,0
202,90,0
49,826,0
516,1092,0
245,369,0
99,437,0
90,1214,0
221,989,0
285,1367,0
316,264,0
463,227,0
129,643,0
183,364,0
81,1416,0
430,736,0
357,341,0
602,1439,0
144,1379,0
59,507,0
178,955,0
330,170,0
203,275,0
75,1054,0
283,435,0
198,504,0
438,1228,0
357,1409,0
70,1244,0
476,470,0
5,1460,0
666,257,0
239,143,0
54,945,0
584,717,0
252,837,0
59,1097,0
487,227,0
383,247,0
465,1417,0
315,868,0
159,743,0
178,633,0
502,381,0
572,281,0
276,967,0
84,76,0
613,1097,0
213,754,0
24,1239,0
102,1138,0
117,385,0
660,829,0
295,1411,0
3,141,0
446,1025,0
352,153,0
362,1260,0
553,371,0
546,137,0
323,783,0
45,475,0
393,961,0
683,383,0
665,674,0
492,1154,0
82,1088,0
626,1369,0
430,1368,0
415,1485,0
389,173,0
607,881,0
346,892,0
367,594,0
605,1153,0
465,1005,0
697,859,0
480,952,0
257,1146,0
410,687,0
216,1338,0
32,499,0
262,690,0
656,726,0
484,375,0
253,893,0
213,330,0
691,782,0
305,891,0
609,133,0
454,1200,0
190,137,0
230,381,0
463,1090,0
588,77,0
358,96,0
398,839,0
152,153,0
377,34,0
43,146,0
697,15,0
173,1165,0
24,796,0
160,774,0
564,449,0
257,286,0
208,944,0
511,791,0
379,675,0
116,1194,0
263,822,0
627,189,0
627,739,0
149,433,0
700,1057,0
285,648,0
431,567,0
287,1095,0
568,74,0
657,782,0
238,284,0
278,933,0
317,1310,0
224,1116,0
451,1203,0
116,48,0
676,72,0
293,498,0
331,502,0
481,535,0
498,1476,0
622,1033,0
641,283,0
179,792,0
384,140,0
386,842,0
510,1443,0
620,1310,0
550,1145,0
299,788,0
278,480,0
569,1121,0
584,1439,0
588,1054,0
704,725,0
145,908,0
12,1133,0
621,21,0
674,861,0
512,1492,0
303,1428,0
602,1379,0
415,748,0
388,476,0
17,416,0
231,1225,0
654,864,0
267,489,0
144,5,0
518,1451,0
16,401,0
365,838,0
152,488,0
617,1391,0
469,594,0
554,1485,0
643,11,0
248,1043,0
280,1345,0
281,1401,0
467,902,0
367,963,0
24,638,0
199,489,0
637,872,0
298,759,0
47,395,0
630,121,0
303,500,0
617,534,0
570,687,0
481,607,0
595,1437,0
449,883,0
145,912,0
650,1051,0
511,182,0
565,779,0
166,61,0
226,107,0
359,795,0
150,772,0
493,1504,0
586,263,0
597,1326,0
278,122,0
45,1355,0
257,180,0
295,1296,0
457,1185,0
378,659,0
196,1508,0
403,1425,0
491,25,0
683,500,0
339,216,0
632,1240,0
543,679,0
6,455,0
707,45,0
294,389,0
441,311,0
201,356,0
192,785,0
447,452,0
419,824,0
683,852,0
150,302,0
367,1017,0
86,1432,0
158,607,0
315,1003,0
542,416,0
320,427,0
300,1275,0
172,89,0
58,1467,0
487,610,0
642,754,0
63,700,0
494,653,0
650,581,0
297,1117,0
381,208,0
579,1,0
502,1331,0
268,962,0
55,1086,0
178,1031,0
322,1252,0
324,1497,0
415,980,0
126,746,0
127,1162,0
321,388,0
326,1511,0
405,325,0
121,1014,0
446,1451,0
288,563,0
417,1511,0
136,156,0
395,387,0
11,481,0
142,879,0
148,1430,0
506,1323,0
21,1459,0
509,597,0
689,1208,0
12,1247,0
391,282,0
364,440,0
569,266,0
145,1028,0
460,61,0
393,1291,0
418,1044,0
538,152,0
98,236,0
470,821,0
550,73,0
670,466,0
476,662,0
403,1450,0
151,13,0
90,319,0
706,1088,0
35,963,0
289,50,0
394,687,0
131,1124,0
639,202,0
539,1362,0
322,807,0
606,567,0
394,1122,0
416,154,0
111,311,0
203,999,0
380,674,0
328,417,0
242,1363,0
72,369,0
534,197,0
123,1461,0
614,77,0
503,803,0
511,746,0
673,712,0
516,1336,0
160,1395,0
461,407,0
515,802,0
594,968,0
134,626,0
643,1043,0
669,471,0
273,1285,0
267,1447,0
346,216,0
252,1048,0
633,102,0
235,1321,0
703,742,0
467,85,0
419,1444,0
534,851,0
404,542,0
503,775,0
639,318,0
383,369,0
116,1049,0
42,1503,0
398,647,0
569,335,0
415,1461,0
374,1420,0
138,1113,0
673,1496,0
441,511,0
603,1361,0
494,486,0
684,1172,0
384,1142,0
411,1430,0
663,851,0
644,697,0
558,85,0
401,23,0
644,199,0
517,731,0
542,777,0
635,2,0
356,1113,0
200,1013,0
627,110,0
507,130,0
465,434,0
353,1501,0
375,759,0
424,1241,0
586,1476,0
300,1174,0
209,738,0
130,806,0
408,194,0
99,1429,0
349,1460,0
453,517,0
668,939,0
363,1170,0
175,688,0
702,1086,0
93,493,0
426,900,0
88,1406,0
524,459,0
700,845,0
364,702,0
697,155,0
531,488,0
626,675,0
631,489,0
144,768,0
391,693,0
301,1075,0
511,925,0
87,790,0
351,1012,0
253,1076,0
554,1049,0
411,140,0
581,1314,0
517,871,0
183,116,0
644,1326,0
432,727,0
76,1197,0
75,92,0
14,474,0
290,318,0
654,380,0
47,1189,0
445,753,0
84,475,0
83,1126,0
555,750,0
666,501,0
495,258,0
342,799,0
192,1288,0
356,843,0
415,174,0
23,767,0
698,989,0
99,682,0
88,297,0
398,718,0
619,716,0
365,574,0
677,537,0
325,631,0
154,443,0
187,909,0
390,309,0
611,1216,0
495,122,0
385,138,0
186,612,0
442,575,0
17,40,0
577,727,0
503,1010,0
509,912,0
480,1017,0
329,882,0
278,1232,0
54,857,0
460,496,0
434,1039,0
383,677,0
46,506,0
169,129,0
467,1256,0
598,54,0
226,196,0
97,238,0
82,1234,0
601,261,0
321,961,0
300,1373,0
52,676,0
264,1101,0
287,457,0
681,948,0
647,578,0
584,791,0
59,886,0
84,288,0
612,516,0
14,1064,0
148,1348,0
425,786,0
647,503,0
283,1249,0
549,691,0
457,924,0
157,1263,0
267,574,0
227,357,0
502,338,0
57,118,0
690,1411,0
568,220,0
491,1471,0
133,175,0
190,228,0
704,942,0
348,862,0
25,698,0
266,920,0
591,415,0
250,817,0
651,240,0
648,112,0
380,1377,0
529,930,0
693,481,0
74,1460,0
484,642,0
151,1454,0
652,157,0
195,1269,0
639,1244,0
349,1059,0
690,1334,0
364,270,0
380,438,0
330,739,0
600,1153,0
603,1099,0
609,201,0
569,795,0
627,389,0
527,1211,0
702,1289,0
470,186,0
202,1387,0
1,1358,0
497,768,0
354,1115,0
44,73,0
556,609,0
448,648,0
439,242,0
702,1503,0
25,418,0
166,964,0
585,930,0
306,1464,0
506,1386,0
315,921,0
590,483,0
345,550,0
100,1339,0
201,1386,0
53,375,0
408,613,0
117,977,0
365,83,0
74,520,0
464,1207,0
53,463,0
505,1231,0
446,607,0
243,589,0
364,758,0
647,1071,0
114,9,0
65,421,0
207,315,0
527,1011,0
552,650,0
59,714,0
120,346,0
153,636,0
258,1394,0
188,63,0
409,1483,0
70,1167,0
172,586,0
27,694,0
606,1424,0
536,1123,0
459,1032,0
42,503,0
337,308,0
277,325,0
624,222,0
381,125,0
262,66,0
451,544,0
70,1321,0
221,89,0
561,733,0
571,21,0
625,99,0
300,1490,0
15,507,0
541,332,0
545,1056,0
443,217,0
50,968,0
31,1111,0
276,477,0
646,749,0
350,604,0
97,964,0
516,613,0
357,303,0
531,1447,0
514,1137,0
678,100,0
119,303,0
385,1081,0
695,124,0
77,342,0
124,1140,0
491,1226,0
414,1490,0
139,623,0
516,44,0
580,648,0
693,959,0
346,344,0
528,539,0
22,1393,0
294,173,0
276,502,0
164,739,0
617,1082,0
411,743,0
589,1152,0
351,1445,0
545,80,0
403,852,0
378,262,0
153,643,0
104,516,0
71,565,0
603,1256,0
227,1106,0
454,1461,0
630,876,0
310,1073,0
85,1356,0
266,478,0
544,662,0
21,459,0
430,987,0
89,1511,0
390,1147,0
647,1467,0
514,460,0
571,1478,0
60,39,0
503,1362,0
459,1335,0
425,552,0
668,1353,0
209,358,0
115,79,0
624,1433,0
442,1495,0
165,425,0
278,275,0
167,365,0
405,1346,0
679,722,0
93,1443,0
68,552,0
111,646,0
594,1187,0
208,830,0
450,62,0
55,1045,0
34,30,0
593,838,0
64,349,0
46,125,0
477,39,0
39,682,0
230,151,0
201,502,0
193,1301,0
437,141,0
262,543,0
638,684,0
686,668,0
189,104,0
672,54,0
658,177,0
700,1294,0
642,870,0
75,192,0
450,64,0
269,6,0
698,1063,0
371,85,0
124,1413,0
34,182,0
296,1493,0
95,897,0
165,518,0
239,595,0
549,1196,0
210,1149,0
75,143,0
169,52,0
661,450,0
84,542,0
542,1262,0
140,1075,0
76,51,0
224,352,0
558,106,0
244,202,0
359,296,0
451,673,0
538,474,0
16,1414,0
384,1224,0
165,34,0
463,927,0
56,1301,0
414,1491,0
395,1252,0
400,787,0
505,51,0
304,1216,0
332,581,0
554,839,0
570,1011,0
55,860,0
451,699,0
670,928,0
295,141,0
425,818,0
666,333,0
168,689,0
246,436,0
632,1216,0
48,251,0
397,579,0
626,719,0
447,1215,0
108,600,0
102,976,0
386,332,0
46,923,0
484,617,0
178,585,0
400,789,0
404,634,0
456,898,0
555,86,0
580,242,0
259,1178,0
591,185,0
209,1022,0
304,315,0
208,1011,0
541,439,0
190,381,0
238,1429,0
273,1088,0
697,576,0
554,658,0
581,1414,0
470,554,0
312,1091,0
19,178,0
169,807,0
296,257,0
375,1495,0
582,622,0
27,1225,0
472,12,0
605,1060,0
419,219,0
144,786,0
99,173,0
536,1150,0
329,252,0
10,1479,0
49,1003,0
442,665,0
295,1458,0
136,379,0
52,35,0
591,1511,0
365,1210,0
445,1407,0
161,1123,0
623,1313,0
694,1116,0
492,105,0
280,766,0
239,1295,0
228,687,0
576,605,0
290,484,0
91,1372,0
242,453,0
239,787,0
277,1285,0
364,782,0
697,785,0
449,1438,0
201,972,0
560,462,0
33,1324,0
196,771,0
69,1433,0
153,750,0
420,106,0
121,1058,0
429,1112,0
148,420,0
445,890,0
216,1053,0
283,455,0
541,130,0
3,818,0
46,541,0
305,250,0
619,641,0
546,542,0
84,1355,0
386,1451,0
35,1186,0
224,1241,0
257,11,0
486,583,0
135,1201,0
227,1188,0
457,464,0
281,1070,0
498,633,0
656,629,0
269,1420,0
515,198,0
256,342,0
343,330,0
570,1443,0
357,1267,0
555,282,0
544,437,0
100,579,0
400,1051,0
18,874,0
451,1185,0
441,1420,0
593,798,0
33,1146,0
545,899,0
2,585,0
402,421,0
279,193,0
638,250,0
256,376,0
666,744,0
315,19,0
533,262,0
509,1097,0
673,1352,0
452,863,0
161,1049,0
206,1031,0
57,207,0
116,879,0
56,921,0
682,894,0
418,102,0
694,1455,0
126,973,0
33,521,0
552,1199,0
500,1196,0
127,363,0
14,132,0
548,413,0
525,257,0
305,910,0
58,1418,0
476,138,0
704,1500,0
434,42,0
278,63,0
103,1509,0
180,494,0
176,582,0
317,818,0
610,1442,0
328,194,0
607,604,0
658,391,0
89,1402,0
161,459,0
77,1199,0
575,364,0
179,1150,0
492,1122,0
511,1242,0
10,1189,0
337,485,0
217,411,0
126,699,0
101,1334,0
685,274,0
210,1123,0
399,740,0
240,483,0
368,65,0
387,398,0
561,259,0
616,375,0
490,1232,0
84,1328,0
415,961,0
617,407,0
449,827,0
30,545,0
675,175,0
57,221,0
150,707,0
577,367,0
160,300,0
182,529,0
478,208,0
577,503,0
280,924,0
309,1127,0
323,694,0
554,250,0
395,1209,0
116,1417,0
174,412,0
444,306,0
566,1077,0
702,167,0
214,1430,0
605,819,0
17,457,0
699,1489,0
400,109,0
526,732,0
419,90,0
505,471,0
265,568,0
434,1010,0
21,419,0
221,1120,0
376,274,0
281,961,0
660,803,0
373,590,0
226,1408,0
385,650,0
643,1028,0
634,1229,0
153,485,0
111,1172,0
604,217,0
619,103,0
30,130,0
544,857,0
478,904,0
570,1332,0
577,57,0
246,1320,0
443,565,0
195,643,0
673,63,0
236,133,0
95,1377,0
142,195,0
550,533,0
528,1240,0
579,213,0
25,1451,0
542,244,0
534,1,0
697,1481,0
189,135,0
407,1213,0
241,629,0
307,195,0
581,833,0
226,448,0
491,1487,0
351,393,0
556,1012,0
574,1030,0
402,399,0
304,1217,0
268,1042,0
573,155,0
491,443,0
567,1113,0
316,21,0
596,1506,0
318,622,0
660,1175,0
211,583,0
195,456,0
364,190,0
270,729,0
641,1176,0
16,1277,0
623,1127,0
527,1032,0
486,928,0
476,343,0
182,468,0
260,121,0
515,623,0
12,760,0
554,950,0
648,1115,0
233,940,0
74,608,0
356,823,0
640,539,0
660,142,0
707,11,0
270,3,0
683,192,0
161,1028,0
160,482,0
56,1294,0
601,354,0
431,300,0
137,1060,0
402,493,0
237,216,0
272,472,0
468,1415,0
19,578,0
141,194,0
575,1286,0
626,1294,0
133,238,0
173,496,0
671,6,0
40,1409,0
20,355,0
505,446,0
180,512,0
89,1231,0
230,79,0
296,883,0
40,329,0
120,1457,0
554,259,0
71,741,0
329,1274,0
0,195,0
656,1080,0
550,1187,0
626,246,0
694,654,0
292,911,0
707,1237,0
522,635,0
335,7,0
621,393,0
92,1,0
300,139,0
682,1106,0
590,539,0
505,705,0
493,569,0
132,1402,0
631,10,0
283,468,0
481,803,0
566,1446,0
278,665,0
310,79,0
367,1459,0
316,634,0
21,964,0
658,105,0
446,1194,0
272,390,0
184,274,0
156,915,0
273,581,0
103,817,0
600,438,0
462,209,0
525,621,0
398,765,0
14,176,0
194,456,0
9,934,0
309,447,0
670,1437,0
248,626,0
413,123,0
93,706,0
101,228,0
279,441,0
647,241,0
484,1498,0
395,1026,0
194,259,0
285,849,0
658,270,0
133,541,0
245,668,0
38,663,0
542,678,0
284,785,0
385,777,0
600,494,0
377,1130,0
417,1156,0
172,1313,0
233,630,0
492,336,0
705,1436,0
280,1377,0
691,889,0
548,1209,0
226,1324,0
543,113,0
368,906,0
196,1024,0
184,1292,0
700,1120,0
229,1357,0
10,676,0
555,348,0
427,1263,0
510,836,0
551,1187,0
261,908,0
628,1356,0
384,145,0
355,43,0
478,387,0
34,722,0
555,167,0
82,632,0
423,403,0
30,155,0
49,792,0
147,307,0
416,820,0
560,684,0
562,281,0
703,631,0
145,383,0
82,318,0
4,244,0
233,840,0
283,321,0
198,561,0
531,206,0
191,93,0
13,1013,0
8,951,0
181,222,0
69,845,0
206,1021,0
601,912,0
55,752,0
662,475,0
342,542,0
232,2,0
235,1042,0
154,251,0
556,160,0
365,1494,0
469,994,0
202,482,0
697,796,0
143,448,0
428,932,0
106,255,0
481,296,0
213,175,0
480,1276,0
261,805,0
138,211,0
547,1355,0
573,47,0
458,940,0
571,526,0
692,362,0
270,1443,0
36,458,0
538,233,0
191,1264,0
351,1352,0
510,885,0
482,1037,0
513,1135,0
409,1387,0
347,331,0
440,135,0
432,100,0
415,1386,0
125,1281,0
184,968,0
641,1487,0
114,858,0
578,247,0
550,983,0
705,100,0
26,1003,0
630,1361,0
410,1069,0
323,308,0
86,656,0
358,453,0
416,425,0
390,1031,0
314,1237,0
68,6,0
8,1056,0
40,522,0
423,825,0
653,827,0
72,1348,0
318,781,0
395,1432,0
586,399,0
520,808,0
486,357,0
538,411,0
652,283,0
537,458,0
196,981,0
176,765,0
257,474,0
479,577,0
33,837,0
48,239,0
353,698,0
201,426,0
359,1497,0
343,223,0
189,1065,0
236,1459,0
510,1279,0
223,194,0
413,860,0
261,784,0
502,1229,0
281,1488,0
593,1432,0
50,717,0
570,1012,0
659,989,0
276,1470,0
19,715,0
181,1489,0
398,167,0
171,704,0
692,673,0
561,596,0
238,541,0
260,444,0
38,769,0
18,1031,0
236,999,0
276,1231,0
551,381,0
542,1118,0
528,330,0
294,410,0
378,869,0
402,1375,0
274,264,0
553,688,0
460,952,0
340,1138,0
292,436,0
170,992,0
357,295,0
530,630,0
677,1354,0
80,1379,0
460,1184,0
365,527,0
480,846,0
472,1348,0
555,510,0
1,103,0
390,1445,0
312,398,0
31,1148,0
427,1365,0
379,1369,0
469,1450,0
193,767,0
684,963,0
93,87,0
210,410,0
584,1437,0
538,1438,0
195,905,0
142,1143,0
432,443,0
92,828,0
297,534,0
125,376,0
401,1273,0
190,747,0
609,104,0
39,1492,0
130,651,0
274,615,0
138,672,0
269,1030,0
147,1369,0
81,1474,0
530,1057,0
391,535,0
70,440,0
363,193,0
673,848,0
80,669,0
95,1339,0
200,1198,0
568,473,0
521,874,0
271,390,0
152,741,0
200,740,0
358,1454,0
569,395,0
276,533,0
547,434,0
247,1179,0
657,419,0
140,1286,0
703,22,0
428,1105,0
8,1027,0
154,1409,0
330,202,0
305,1283,0
91,354,0
264,310,0
560,1255,0
310,667,0
685,1103,0
29,783,0
345,12,0
29,1320,0
376,886,0
51,1095,0
542,1474,0
269,201,0
685,107,0
170,643,0
397,883,0
628,565,0
269,516,0
684,597,0
524,978,0
386,313,0
36,1401,0
313,132,0
625,842,0
488,34,0
207,1215,0
99,656,0
117,694,0
332,878,0
57,113,0
353,55,0
176,1379,0
298,123,0
227,477,0
86,600,0
277,795,0
541,326,0
210,82,0
27,645,0
200,238,0
258,645,0
548,505,0
456,683,0
329,213,0
449,795,0
666,1291,0
282,1210,0
292,1135,0
326,819,0
99,1282,0
152,742,0
307,214,0
688,636,0
55,325,0
451,409,0
703,750,0
334,1459,0
446,878,0
50,1295,0
551,1047,0
247,529,0
655,125,0
699,1205,0
376,200,0
423,997,0
349,97,0
437,164,0
593,165,0
663,1125,0
694,708,0
642,664,0
497,962,0
303,1137,0
476,207,0
419,1070,0
488,250,0
19,169,0
505,1296,0
73,616,0
655,1050,0
100,1170,0
523,815,0
345,1391,0
381,840,0
552,1252,0
237,53,0
471,436,0
342,884,0
564,1022,0
373,885,0
705,1092,0
369,439,0
84,903,0
171,1399,0
364,710,0
306,14,0
570,1126,0
2,31,0
665,18,0
702,615,0
704,1407,0
51,531,0
519,1285,0
455,763,0
519,496,0
543,1441,0
334,432,0
38,1094,0
462,1320,0
27,1014,0
134,947,0
177,1255,0
417,1035,0
363,1338,0
613,1072,0
214,1316,0
384,1084,0
495,871,0
313,938,0
294,795,0
440,5,0
293,1022,0
623,471,0
610,472,0
411,88,0
569,779,0
641,357,0
384,1149,0
389,615,0
264,0,0
533,883,0
576,63,0
265,713,0
59,756,0
265,555,0
0,1488,0
674,1311,0
312,1256,0
666,773,0
133,1052,0
134,603,0
649,1349,0
211,1390,0
635,673,0
264,126,0
298,1303,0
589,682,0
469,961,0
623,96,0
481,910,0
197,1206,0
173,1103,0
698,1232,0
107,351,0
675,1497,0
402,158,0
101,186,0
558,1023,0
268,1399,0
557,1295,0
585,523,0
176,193,0
295,796,0
79,168,0
616,681,0
409,50,0
216,1120,0
528,737,0
553,786,0
234,223,0
214,915,0
459,149,0
331,832,0
54,1462,0
73,166,0
326,49,0
203,859,0
90,1328,0
223,1070,0
515,803,0
114,898,0
306,441,0
581,185,0
483,1109,0
675,860,0
217,819,0
197,711,0
249,303,0
589,563,0
641,125,0
90,1098,0
451,330,0
33,1069,0
18,1192,0
690,822,0
397,1267,0
485,1341,0
645,952,0
43,1222,0
327,506,0
697,431,0
703,257,0
600,1478,0
161,878,0
256,1270,0
234,897,0
434,1511,0
394,5,0
225,1479,0
193,1135,0
667,1243,0
10,598,0
386,1242,0
535,902,0
496,792,0
167,1504,0
140,1149,0
487,331,0
389,1162,0
58,378,0
316,715,0
419,659,0
675,520,0
215,235,0
361,851,0
463,1301,0
701,794,0
30,809,0
439,56,0
304,814,0
437,749,0
14,221,0
339,385,0
677,589,0
424,237,0
676,1033,0
215,815,0
134,1212,0
460,448,0
617,619,0
448,55,0
481,1359,0
338,462,0
327,799,0
319,201,0
556,170,0
701,341,0
528,269,0
162,147,0
246,1273,0
477,973,0
677,1101,0
123,685,0
602,450,0
649,1143,0
352,1281,0
543,247,0
509,213,0
234,524,0
344,1501,0
299,1224,0
486,1349,0
409,1148,0
111,692,0
486,1022,0
528,1153,0
671,774,0
119,1078,0
154,849,0
95,836,0
661,127,0
461,1201,0
121,1252,0
177,481,0
580,279,0
367,91,0
673,38,0
697,1505,0
333,320,0
115,1319,0
34,901,0
239,184,0
187,273,0
323,677,0
229,1491,0
491,38,0
226,1066,0
484,1189,0
525,1412,0
119,637,0
130,1353,0
270,350,0
386,1400,0
303,1086,0
566,93,0
167,1062,0
52,276,0
381,40,0
299,1360,0
542,1469,0
512,1338,0
488,369,0
80,1471,0
107,1087,0
337,873,0
580,1423,0
139,206,0
505,449,0
495,472,0
167,1475,0
473,707,0
92,346,0
499,637,0
640,573,0
56,220,0
243,1333,0
507,219,0
394,833,0
275,1034,0
110,1173,0
533,1150,0
256,1166,0
693,803,0
187,1297,0
132,1154,0
91,1459,0
614,639,0
374,1026,0
64,1509,0
167,356,0
221,151,0
158,266,0
271,292,0
567,714,0
114,880,0
415,1126,0
470,307,0
704,357,0
68,1256,0
94,1485,0
83,418,0
550,37,0
202,280,0
695,1340,0
412,454,0
220,593,0
643,1380,0
239,372,0
76,643,0
659,1248,0
473,187,0
407,1449,0
454,1314,0
339,682,0
80,63,0
124,554,0
469,6,0
553,1065,0
514,1113,0
619,1140,0
686,253,0
512,80,0
287,1097,0
446,752,0
27,1136,0
71,897,0
284,134,0
569,1217,0
151,712,0
147,439,0
138,1070,0
564,206,0
544,687,0
223,731,0
581,326,0
412,142,0
524,206,0
93,823,0
652,1306,0
212,1037,0
302,449,0
362,295,0
10,1265,0
603,1420,0
406,242,0
213,739,0
253,611,0
328,450,0
680,120,0
585,296,0
226,267,0
410,683,0
569,48,0
24,686,0
591,1234,0
561,120,0
133,1388,0
63,118,0
438,495,0
473,320,0
112,594,0
601,1419,0
407,761,0
545,633,0
177,726,0
680,298,0
109,696,0
413,254,0
246,1151,0
132,1398,0
19,549,0
5,590,0
475,495,0
407,1026,0
121,474,0
582,1233,0
217,1202,0
427,1396,0
528,1328,0
46,644,0
408,422,0
13,1312,0
125,97,0
241,3,0
117,553,0
39,1076,0
606,323,0
4,1090,0
259,1197,0
401,1061,0
485,648,0
678,1382,0
379,1379,0
345,1263,0
361,1333,0
133,1099,0
541,98,0
224,928,0
637,672,0
345,1118,0
155,237,0
521,820,0
178,853,0
636,1064,0
434,643,0
219,61,0
698,846,0
705,996,0
421,148,0
656,788,0
39,1384,0
535,1045,0
433,828,0
697,1262,0
487,1463,0
40,800,0
432,700,0
317,1502,0
305,994,0
213,1460,0
123,22,0
364,146,0
82,381,0
183,463,0
459,246,0
414,200,0
75,406,0
570,717,0
299,1008,0
382,1388,0
288,971,0
138,509,0
19,1251,0
488,351,0
154,428,0
472,500,0
655,899,0
451,1357,0
476,199,0
514,244,0
72,623,0
245,1493,0
412,961,0
214,1333,0
539,70,0
383,1426,0
424,443,0
176,1078,0
210,1088,0
121,1217,0
68,857,0
31,222,0
343,110,0
64,607,0
56,254,0
8,1308,0
603,270,0
406,1313,0
163,1369,0
673,521,0
682,958,0
544,520,0
191,812,0
577,785,0
532,1466,0
213,384,0
470,1295,0
392,868,0
266,726,0
394,464,0
390,1221,0
339,1392,0
235,215,0
234,104,0
445,464,0
530,271,0
437,246,0
39,1016,0
162,886,0
340,597,0
99,239,0
201,454,0
67,1404,0
4,1291,0
121,1226,0
644,533,0
247,1292,0
107,74,0
675,1470,0
408,722,0
465,1199,0
509,1258,0
248,967,0
454,266,0
460,1044,0
655,977,0
422,870,0
553,139,0
577,249,0
553,1372,0
76,1413,0
314,217,0
563,1436,0
28,84,0
491,610,0
329,51,0
298,640,0
136,1454,0
671,234,0
652,1434,0
87,983,0
580,1190,0
490,220,0
79,1215,0
166,886,0
318,153,0
56,836,0
343,1041,0
57,484,0
404,1321,0
123,747,0
239,213,0
341,1492,0
503,14,0
119,1412,0
523,572,0
53,1487,0
570,789,0
74,1140,0
663,1029,0
153,937,0
227,154,0
692,77,0
391,226,0
494,73,0
484,58,0
661,1233,0
644,791,0
246,1107,0
62,1465,0
401,1336,0
473,794,0
289,846,0
520,792,0
633,513,0
678,573,0
705,739,0
309,341,0
175,1307,0
317,196,0
513,1319,0
82,1250,0
531,1462,0
688,50,0
328,331,0
410,1202,0
288,1355,0
219,746,0
517,1136,0
32,22,0
630,5,0
177,1222,0
151,1093,0
153,243,0
568,511,0
164,1402,0
60,349,0
19,1155,0
118,262,0
167,954,0
61,1301,0
690,1421,0
339,941,0
158,556,0
688,943,0
481,295,0
563,1353,0
148,190,0
600,314,0
278,1114,0
599,455,0
93,12,0
139,1132,0
446,93,0
627,1041,0
50,799,0
306,16,0
482,497,0
95,821,0
341,1064,0
633,1376,0
360,1261,0
376,23,0
564,1048,0
554,569,0
646,894,0
410,658,0
184,1409,0
562,1454,0
653,580,0
453,652,0
433,1429,0
315,1042,0
271,1003,0
270,937,0
701,893,0
684,192,0
242,1442,0
613,1309,0
486,98,0
372,66,0
499,579,0
332,724,0
27,965,0
270,1316,0
453,95,0
502,625,0
112,1479,0
394,1233,0
598,150,0
580,1406,0
425,1385,0
616,158,0
41,426,0
322,981,0
47,349,0
284,712,0
299,149,0
383,1242,0
405,1316,0
71,519,0
260,1103,0
612,1045,0
115,13,0
18,46,0
682,409,0
509,78,0
77,1270,0
350,908,0
535,928,0
680,1367,0
93,255,0
410,1006,0
123,1047,0
39,972,0
519,841,0
386,37,0
167,1128,0
525,1416,0
338,325,0
33,1439,0
67,1428,0
239,576,0
420,82,0
575,1399,0
706,198,0
80,681,0
297,1230,0
349,116,0
95,645,0
307,703,0
438,705,0
117,1251,0
649,1471,0
82,991,0
534,265,0
143,876,0
601,1380,0
224,1411,0
327,621,0
325,1098,0
621,1250,0
594,567,0
498,376,0
642,237,0
627,1052,0
238,1277,0
694,768,0
422,153,0
543,1412,0
141,891,0
143,719,0
462,563,0
250,249,0
370,131,0
285,1494,0
84,1453,0
260,252,0
14,1236,0
566,323,0
514,716,0
662,84,0
311,81,0
578,837,0
55,1380,0
534,269,0
227,1265,0
431,156,0
111,562,0
530,1044,0
410,917,0
703,794,0
212,1028,0
571,291,0
163,956,0
285,447,0
582,452,0
135,78,0
329,1113,0
544,506,0
317,588,0
704,756,0
309,951,0
402,345,0
617,1195,0
314,393,0
664,1304,0
57,468,0
347,125,0
36,261,0
347,539,0
638,903,0
608,1492,0
43,1240,0
139,1165,0
417,46,0
609,1306,0
635,1314,0
662,119,0
354,619,0
185,1202,0
68,984,0
696,570,0
296,779,0
141,1387,0
375,1428,0
518,560,0
694,663,0
384,789,0
368,118,0
681,471,0
236,1064,0
453,1492,0
384,861,0
528,1084,0
565,1372,0
340,1322,0
173,1097,0
121,336,0
421,256,0
47,855,0
250,384,0
634,176,0
166,952,0
141,82,0
165,722,0
114,993,0
439,954,0
498,616,0
242,1155,0
78,697,0
215,421,0
391,569,0
600,208,0
695,141,0
687,709,0
608,650,0
81,773,0
654,184,0
633,616,0
425,1510,0
236,1149,0
111,725,0
544,1168,0
597,40,0
430,700,0
291,748,0
510,263,0
615,126,0
451,1491,0
97,1043,0
183,38,0
146,1012,0
376,423,0
674,365,0
327,986,0
681,371,0
611,1460,0
668,1094,0
311,1242,0
61,1468,0
322,413,0
452,1214,0
220,994,0
556,140,0
614,1251,0
267,969,0
591,312,0
508,85,0
468,30,0
137,784,0
57,1497,0
143,192,0
289,1419,0
525,1496,0
610,1367,0
421,1426,0
399,1035,0
611,1436,0
236,947,0
457,738,0
664,1136,0
140,1159,0
112,1224,0
245,282,0
369,417,0
583,176,0
545,1217,0
531,413,0
29,370,0
383,837,0
531,485,0
480,995,0
195,112,0
539,396,0
681,318,0
457,115,0
310,1418,0
436,1300,0
411,154,0
466,33,0
455,577,0
223,1483,0
267,1111,0
674,1110,0
329,1500,0
595,923,0
124,623,0
417,1264,0
274,696,0
53,769,0
690,555,0
343,1142,0
434,731,0
252,242,0
346,740,0
523,1411,0
484,579,0
176,944,0
508,335,0
502,1464,0
581,706,0
67,906,0
394,713,0
706,76,0
703,1056,0
223,890,0
555,626,0
621,98,0
326,1302,0
3,712,0
432,418,0
474,896,0
415,1065,0
347,551,0
335,24,0
24,628,0
216,1148,0
627,179,0
562,43,0
5,1239,0
416,1318,0
266,264,0
64,274,0
98,820,0
581,841,0
486,36,0
120,1075,0
385,807,0
527,287,0
530,1355,0
177,1497,0
22,790,0
159,1256,0
431,28,0
96,60,0
583,124,0
545,805,0
548,953,0
347,1181,0
297,617,0
14,329,0
528,1248,0
518,791,0
661,705,0
604,843,0
7,271,0
189,1331,0
64,15,0
451,311,0
136,6,0
638,382,0
232,638,0
56,599,0
57,1510,0
161,508,0
4,477,0
663,757,0
96,558,0
413,146,0
253,186,0
394,633,0
562,79,0
74,1288,0
95,322,0
226,449,0
443,176,0
500,560,0
689,1102,0
583,1235,0
286,1050,0
313,393,0
620,613,0
513,766,0
570,1250,0
391,846,0
478,174,0
591,833,0
478,1204,0
363,52,0
267,1396,0
386,663,0
144,705,0
442,1262,0
614,1342,0
62,500,0
381,940,0
644,606,0
471,811,0
174,494,0
530,60,0
608,234,0
459,386,0
98,1443,0
211,184,0
227,1117,0
324,958,0
13,732,0
389,862,0
51,695,0
110,1137,0
401,843,0
633,43,0
630,1462,0
228,549,0
25,439,0
410,198,0
642,1347,0
625,532,0
274,914,0
350,927,0
359,970,0
593,149,0
298,1075,0
201,510,0
480,1430,0
622,1259,0
54,1041,0
285,666,0
447,443,0
8,592,0
28,314,0
481,923,0
289,1321,0
358,861,0
135,1017,0
440,799,0
641,434,0
226,1483,0
153,1331,0
347,609,0
508,1470,0
699,292,0
462,169,0
534,111,0
531,980,0
234,946,0
208,782,0
673,206,0
653,525,0
334,2,0
577,163,0
233,334,0
546,98,0
141,630,0
637,940,0
145,967,0
672,701,0
55,208,0
186,652,0
433,1461,0
29,894,0
506,829,0
505,563,0
642,210,0
303,104,0
112,10,0
549,237,0
225,727,0
357,190,0
466,242,0
368,1321,0
567,798,0
181,651,0
595,955,0
595,1036,0
672,1485,0
144,1410,0
424,1510,0
420,1442,0
504,1138,0
426,1024,0
121,1197,0
315,810,0
602,1043,0
177,1507,0
545,43,0
697,26,0
582,1445,0
345,1255,0
66,671,0
294,848,0
366,640,0
340,1264,0
30,133,0
215,123,0
281,465,0
618,101,0
167,171,0
423,187,0
431,678,0
61,368,0
555,834,0
276,947,0
151,1407,0
140,1400,0
52,1233,0
59,752,0
102,266,0
358,647,0
551,705,0
86,354,0
151,30,0
156,329,0
317,151,0
452,1370,0
655,461,0
604,413,0
594,1422,0
303,777,0
262,638,0
150,281,0
243,1311,0
410,1437,0
490,1238,0
377,599,0
660,581,0
512,998,0
598,446,0
480,1164,0
201,213,0
427,434,0
582,1291,0
47,1178,0
271,976,0
382,1194,0
6,1236,0
543,925,0
502,28,0
437,1252,0
54,557,0
647,419,0
193,1497,0
445,1285,0
529,303,0
606,648,0
34,196,0
4,1267,0
633,1154,0
113,1500,0
87,1504,0
230,752,0
246,787,0
465,431,0
465,513,0
627,846,0
474,1203,0
437,809,0
164,621,0
654,966,0
376,346,0
246,648,0
279,304,0
362,476,0
241,1384,0
697,52,0
499,439,0
212,992,0
265,841,0
301,141,0
40,979,0
334,1479,0
456,1284,0
337,1481,0
205,917,0
142,228,0
562,732,0
122,1151,0
376,119,0
604,320,0
8,1400,0
51,1040,0
641,544,0
380,1380,0
583,297,0
534,622,0
392,1132,0
508,280,0
82,85,0
510,406,0
518,1022,0
517,266,0
120,848,0
357,445,0
18,837,0
143,468,0
376,1497,0
463,27,0
90,813,0
44,246,0
558,726,0
435,406,0
225,67,0
353,312,0
608,712,0
541,991,0
233,4,0
187,1335,0
297,1467,0
505,240,0
18,1365,0
359,885,0
617,724,0
270,346,0
377,851,0
476,312,0
590,1231,0
164,843,0
87,297,0
681,110,0
231,21,0
684,696,0
576,212,0
525,894,0
465,233,0
702,831,0
495,354,0
585,1102,0
650,262,0
451,150,0
178,57,0
486,1012,0
117,994,0
541,877,0
303,874,0
568,80,0
633,1475,0
447,799,0
310,253,0
613,916,0
88,964,0
342,189,0
342,1432,0
645,916,0
97,1272,0
694,1074,0
703,770,0
549,1051,0
7,1374,0
552,310,0
266,633,0
33,572,0
583,1336,0
162,992,0
677,1392,0
313,702,0
115,308,0
499,925,0
160,50,0
48,1195,0
318,520,0
319,1284,0
344,532,0
181,1064,0
299,380,0
434,7,0
512,948,0
261,494,0
80,641,0
400,736,0
134,687,0
497,337,0
95,1360,0
329,1212,0
693,585,0
331,1364,0
545,348,0
306,210,0
267,48,0
233,1236,0
243,1016,0
69,511,0
669,1413,0
664,959,0
99,1215,0
139,1181,0
423,1236,0
266,213,0
104,642,0
176,101,0
426,1174,0
583,691,0
579,43,0
398,1159,0
688,596,0
73,938,0
176,1446,0
316,6,0
178,774,0
565,1264,0
454,1030,0
575,1485,0
534,328,0
158,1430,0
55,409,0
17,179,0
434,717,0
244,922,0
421,924,0
695,860,0
27,525,0
225,545,0
523,570,0
27,358,0
256,809,0
149,728,0
497,1196,0
25,590,0
91,329,0
452,969,0
574,481,0
168,123,0
14,134,0
570,986,0
695,1022,0
488,917,0
340,428,0
241,63,0
401,1303,0
150,61,0
506,1280,0
532,848,0
487,628,0
169,1498,0
482,361,0
332,1415,0
661,86,0
303,215,0
54,961,0
494,476,0
298,909,0
82,806,0
262,113,0
457,445,0
335,230,0
691,686,0
426,1093,0
416,705,0
151,531,0
6,1189,0
370,977,0
385,722,0
195,1035,0
106,1317,0
155,601,0
186,42,0
277,289,0
307,1028,0
367,1145,0
232,1154,0
76,89,0
468,1288,0
535,636,0
667,871,0
14,109,0
133,296,0
676,375,0
618,1090,0
286,866,0
576,990,0
250,731,0
68,652,0
200,1433,0
359,138,0
475,884,0
434,718,0
655,411,0
665,112,0
621,424,0
249,645,0
76,1038,0
378,953,0
455,1023,0
628,1036,0
111,675,0
84,1332,0
393,842,0
304,929,0
247,1361,0
267,640,0
135,119,0
22,299,0
79,1100,0
677,402,0
679,245,0
442,625,0
420,282,0
656,1166,0
576,390,0
304,284,0
290,1073,0
32,1416,0
637,520,0
444,1000,0
361,1469,0
682,661,0
483,1240,0
92,869,0
202,1004,0
623,1328,0
512,622,0
686,880,0
385,1092,0
500,748,0
355,425,0
0,831,0
667,987,0
295,882,0
439,689,0
365,971,0
156,1070,0
620,1135,0
561,385,0
66,1249,0
379,266,0
648,1475,0
435,986,0
247,937,0
343,341,0
315,495,0
695,7,0
605,862,0
535,930,0
37,983,0
181,1354,0
473,871,0
17,399,0
512,581,0
311,1352,0
95,541,0
667,1084,0
360,123,0
325,1182,0
284,140,0
445,97,0
633,1056,0
34,1292,0
439,904,0
403,1249,0
148,303,0
212,96,0
65,178,0
208,584,0
537,488,0
213,1473,0
125,88,0
621,1305,0
331,162,0
559,1299,0
528,781,0
38,1370,0
507,1018,0
700,288,0
642,1005,0
219,12,0
350,744,0
663,1099,0
206,404,0
459,1489,0
201,1003,0
665,835,0
53,1267,0
10,533,0
461,218,0
36,459,0
447,1073,0
246,721,0
640,783,0
520,1464,0
213,150,0
682,755,0
177,348,0
144,236,0
457,1182,0
557,650,0
125,1120,0
686,792,0
328,1363,0
20,766,0
335,574,0
374,1239,0
466,1036,0
173,296,0
440,1342,0
179,811,0
36,729,0
665,806,0
608,839,0
618,222,0
628,1503,0
249,309,0
260,635,0
305,897,0
554,410,0
81,169,0
214,595,0
488,1374,0
526,418,0
668,130,0
240,881,0
176,1225,0
11,1215,0
357,1395,0
378,1196,0
354,788,0
10,261,0
112,876,0
322,703,0
249,1414,0
315,270,0
463,578,0
424,1170,0
263,1209,0
401,1372,0
631,1382,0
85,548,0
32,513,0
161,1435,0
178,1113,0
395,1416,0
85,814,0
43,23,0
292,307,0
271,320,0
477,804,0
359,1383,0
491,808,0
700,423,0
188,147,0
178,283,0
494,571,0
377,156,0
690,735,0
188,923,0
360,681,0
367,869,0
447,930,0
259,82,0
345,1120,0
587,1085,0
42,613,0
35,1475,0
327,1277,0
41,309,0
137,842,0
389,544,0
650,1150,0
104,182,0
401,580,0
296,1450,0
224,363,0
140,675,0
335,1344,0
223,1381,0
22,661,0
592,144,0
655,665,0
87,1463,0
556,723,0
90,413,0
504,367,0
577,510,0
233,297,0
623,1334,0
502,1170,0
230,672,0
596,1446,0
270,854,0
534,1419,0
617,1296,0
315,30,0
565,1497,0
259,944,0
384,1484,0
668,270,0
55,243,0
174,1322,0
23,1099,0
456,517,0
675,1145,0
278,486,0
133,159,0
386,972,0
428,1052,0
24,1037,0
166,905,0
674,659,0
246,1141,0
539,493,0
125,492,0
632,1305,0
589,1085,0
425,815,0
565,496,0
493,359,0
268,512,0
436,657,0
116,309,0
162,576,0
626,997,0
98,1173,0
525,922,0
256,763,0
700,1232,0
133,1117,0
161,487,0
6,606,0
58,781,0
677,1252,0
463,560,0
501,503,0
605,1036,0
382,1076,0
146,1117,0
641,119,0
200,237,0
572,212,0
315,439,0
57,358,0
174,1228,0
233,676,0
423,126,0
227,771,0
116,1316,0
88,119,0
481,204,0
304,523,0
22,10,0
13,839,0
393,953,0
517,81,0
460,998,0
10,1057,0
303,755,0
493,1204,0
73,817,0
288,377,0
650,1086,0
101,968,0
678,958,0
214,462,0
453,1061,0
28,27,0
318,758,0
614,348,0
286,518,0
43,727,0
626,140,0
256,786,0
461,1131,0
258,1379,0
490,442,0
425,167,0
282,233,0
481,909,0
190,1300,0
244,156,0
104,112,0
652,520,0
379,605,0
214,460,0
343,1010,0
614,875,0
477,52,0
531,203,0
159,686,0
518,679,0
615,619,0
229,570,0
576,1067,0
684,142,0
700,905,0
99,568,0
309,969,0
121,185,0
60,490,0
114,714,0
309,1012,0
181,675,0
240,163,0
560,1454,0
224,1017,0
274,1013,0
187,1338,0
265,246,0
406,206,0
174,1388,0
43,299,0
540,1061,0
38,688,0
357,317,0
117,763,0
276,784,0
448,778,0
433,742,0
211,286,0
325,330,0
688,1399,0
330,1,0
671,255,0
484,131,0
110,1502,0
270,55,0
14,1187,0
508,766,0
601,396,0
177,388,0
25,463,0
283,442,0
380,682,0
104,861,0
113,647,0
625,1182,0
507,1107,0
701,1129,0
194,869,0
646,929,0
448,1113,0
59,716,0
189,535,0
672,1329,0
485,187,0
628,903,0
46,55,0
86,1194,0
314,1030,0
92,50,0
139,838,0
27,1027,0
186,933,0
104,534,0
219,176,0
585,1138,0
549,890,0
89,1191,0
611,584,0
636,473,0
302,307,0
375,888,0
498,427,0
668,419,0
245,86,0
638,1288,0
285,484,0
530,620,0
43,44,0
566,1430,0
341,357,0
635,1456,0
374,332,0
618,1195,0
608,210,0
511,1298,0
589,108,0
698,122,0
535,115,0
214,1328,0
545,1011,0
438,919,0
639,332,0
601,807,0
604,447,0
88,759,0
216,1080,0
525,1340,0
288,885,0
484,756,0
45,584,0
283,290,0
148,350,0
152,251,0
84,810,0
662,876,0
41,167,0
619,1247,0
307,60,0
505,843,0
527,727,0
5,905,0
109,454,0
646,1033,0
352,632,0
703,176,0
207,501,0
82,1313,0
400,764,0
469,46,0
369,306,0
652,533,0
86,490,0
152,1267,0
377,402,0
305,1469,0
100,717,0
57,571,0
201,983,0
330,1040,0
357,261,0
563,369,0
604,1425,0
619,1092,0
324,926,0
275,309,0
565,1385,0
19,1500,0
650,648,0
271,672,0
19,597,0
248,237,0
432,1339,0
286,1418,0
619,382,0
636,347,0
343,273,0
465,1268,0
313,994,0
458,388,0
548,759,0
436,403,0
559,986,0
30,747,0
175,104,0
534,1070,0
450,893,0
200,462,0
149,1185,0
396,52,0
674,1293,0
398,246,0
704,173,0
659,1325,0
595,859,0
174,619,0
130,121,0
472,56,0
643,1146,0
428,371,0
592,805,0
534,266,0
595,36,0
326,543,0
43,1036,0
247,1485,0
130,458,0
444,564,0
43,90,0
441,119,0
706,305,0
280,274,0
637,783,0
89,76,0
202,1453,0
16,756,0
6,1139,0
646,357,0
104,795,0
7,506,0
610,5,0
459,570,0
444,484,0
309,164,0
329,43,0
289,63,0
36,933,0
632,1494,0
270,32,0
301,1049,0
231,1250,0
613,1243,0
34,401,0
393,702,0
327,1267,0
11,1424,0
345,692,0
393,607,0
543,52,0
444,591,0
627,101,0
568,1384,0
362,996,0
679,606,0
602,130,0
593,1156,0
563,1031,0
541,1347,0
48,712,0
80,1391,0
571,1175,0
614,464,0
460,398,0
574,1489,0
195,1305,0
500,199,0
465,277,0
40,498,0
173,224,0
295,821,0
153,649,0
133,1160,0
243,1003,0
229,1096,0
412,139,0
665,690,0
631,1353,0
486,29,0
43,1354,0
547,1352,0
314,33,0
539,626,0
391,933,0
30,150,0
443,330,0
210,1406,0
324,640,0
354,1103,0
310,1067,0
495,240,0
371,120,0
91,1063,0
316,842,0
156,98,0
639,530,0
385,1181,0
353,1186,0
272,1337,0
336,1215,0
444,639,0
148,745,0
329,145,0
35,972,0
96,415,0
540,1270,0
654,339,0
267,359,0
282,965,0
67,1320,0
327,1381,0
207,84,0
223,784,0
50,484,0
124,918,0
414,4,0
150,583,0
567,1433,0
143,1222,0
258,759,0
628,43,0
254,277,0
122,130,0
682,1450,0
210,497,0
621,931,0
51,100,0
283,227,0
493,967,0
348,734,0
508,912,0
640,473,0
693,504,0
375,1440,0
105,657,0
690,769,0
138,580,0
107,663,0
429,651,0
203,1177,0
10,1380,0
458,989,0
217,617,0
121,122,0
186,417,0
251,385,0
660,9,0
193,1315,0
461,810,0
123,505,0
62,847,0
461,714,0
396,571,0
676,1038,0
318,1076,0
58,1205,0
35,1130,0
586,1409,0
361,476,0
609,161,0
114,1152,0
406,1075,0
436,612,0
672,1129,0
1,992,0
130,365,0
95,1220,0
378,742,0
579,538,0
104,840,0
446,379,0
7,1324,0
702,1077,0
416,46,0
640,1375,0
389,414,0
338,572,0
133,1163,0
487,971,0
11,767,0
233,1494,0
518,1423,0
555,594,0
428,1171,0
345,766,0
253,866,0
351,862,0
450,886,0
664,892,0
584,1431,0
157,568,0
484,1466,0
394,272,0
439,214,0
5,813,0
413,211,0
602,313,0
161,1292,0
692,1116,0
497,223,0
582,1069,0
697,1178,0
448,746,0
530,461,0
528,1228,0
522,93,0
494,821,0
658,402,0
470,998,0
138,118,0
413,987,0
447,1460,0
468,465,0
565,1108,0
51,313,0
27,838,0
600,1259,0
209,473,0
493,1130,0
159,17,0
393,1295,0
107,202,0
468,271,0
166,526,0
464,1015,0
83,376,0
388,1068,0
432,1013,0
628,1,0
164,351,0
353,1047,0
121,1418,0
190,1327,0
80,386,0
151,681,0
224,796,0
173,103,0
133,725,0
493,795,0
597,69,0
382,46,0
555,1205,0
560,1351,0
13,463,0
208,1446,0
305,1426,0
489,1236,0
162,460,0
130,1378,0
664,931,0
143,111,0
14,1205,0
229,969,0
294,1295,0
377,568,0
486,639,0
541,1383,0
105,1319,0
440,452,0
188,180,0
498,1136,0
475,819,0
661,1416,0
596,334,0
224,453,0
706,24,0
367,646,0
667,750,0
144,884,0
439,322,0
240,455,0
263,195,0
617,1357,0
453,17,0
211,718,0
391,1485,0
110,249,0
336,1295,0
32,148,0
152,1463,0
560,1137,0
342,742,0
168,1407,0
414,607,0
81,880,0
432,323,0
677,170,0
218,1121,0
459,598,0
255,858,0
127,1290,0
65,900,0
263,1234,0
301,649,0
446,181,0
479,267,0
621,1238,0
448,889,0
93,347,0
448,668,0
265,1110,0
66,576,0
223,78,0
694,128,0
518,1434,0
201,425,0
363,1331,0
96,1366,0
305,853,0
65,944,0
178,228,0
71,888,0
249,215,0
304,146,0
360,183,0
698,494,0
383,1130,0
694,237,0
575,1175,0
323,552,0
211,1161,0
673,1009,0
582,270,0
69,1319,0
324,74,0
665,153,0
78,372,0
677,1185,0
182,945,0
11,503,0
119,1463,0
96,1019,0
458,892,0
290,1273,0
569,121,0
268,742,0
621,418,0
589,180,0
117,333,0
217,206,0
571,1375,0
286,1109,0
329,937,0
679,510,0
275,215,0
686,994,0
486,444,0
354,584,0
247,971,0
544,521,0
189,1312,0
367,1245,0
203,218,0
678,913,0
308,449,0
236,11,0
379,536,0
638,99,0
230,950,0
272,350,0
675,656,0
259,978,0
589,1104,0
377,146,0
77,183,0
245,261,0
240,1315,0
600,184,0
663,1377,0
33,936,0
95,1062,0
435,1137,0
129,1300,0
31,361,0
642,565,0
645,1133,0
618,445,0
274,565,0
450,109,0
199,1329,0
680,211,0
278,10,0
686,143,0
593,596,0
336,533,0
702,531,0
484,1167,0
197,1063,0
375,534,0
255,1127,0
453,1293,0
645,848,0
506,756,0
412,1507,0
353,145,0
286,237,0
378,103,0
464,797,0
100,303,0
242,1164,0
596,1152,0
649,268,0
126,409,0
283,1231,0
350,1392,0
167,891,0
476,1029,0
477,220,0
370,192,0
593,1034,0
162,1264,0
287,1342,0
513,356,0
618,185,0
384,1108,0
136,251,0
442,1117,0
109,124,0
210,342,0
400,1127,0
504,693,0
4,1207,0
411,426,0
297,552,0
564,742,0
315,913,0
547,209,0
514,516,0
679,738,0
118,1187,0
301,828,0
624,1442,0
525,54,0
84,492,0
219,1288,0
81,358,0
653,867,0
486,102,0
679,1448,0
125,1168,0
706,1480,0
241,644,0
298,570,0
367,808,0
208,1369,0
583,1443,0
445,693,0
25,1246,0
350,139,0
644,1339,0
412,344,0
696,29,0
338,515,0
334,866,0
600,157,0
476,1166,0
492,116,0
413,224,0
207,1486,0
469,749,0
702,772,0
657,657,0
555,1017,0
204,480,0
166,559,0
10,106,0
258,771,0
44,151,0
545,287,0
309,207,0
529,786,0
240,463,0
369,113,0
491,276,0
432,368,0
9,218,0
706,1065,0
554,970,0
676,940,0
41,1022,0
188,1370,0
516,1116,0
409,1188,0
486,391,0
472,1130,0
589,27,0
332,661,0
605,1140,0
373,1185,0
48,1004,0
544,1359,0
368,268,0
578,1412,0
358,296,0
466,79,0
315,601,0
73,786,0
481,331,0
356,1508,0
288,796,0
554,1493,0
272,1395,0
116,1225,0
154,1479,0
512,237,0
406,1292,0
660,1120,0
683,90,0
585,271,0
254,785,0
275,1394,0
620,1325,0
519,1014,0
340,678,0
240,1044,0
250,580,0
284,104,0
570,831,0
174,1172,0
50,1338,0
294,183,0
357,1336,0
236,642,0
184,226,0
429,213,0
18,1470,0
683,119,0
278,267,0
390,1358,0
363,1238,0
211,260,0
229,1326,0
252,63,0
512,277,0
266,1017,0
300,36,0
3,1115,0
468,938,0
320,911,0
321,712,0
672,1269,0
77,278,0
310,1357,0
575,668,0
278,1155,0
685,1282,0
154,461,0
425,286,0
652,465,0
132,693,0
502,357,0
84,1497,0
256,1108,0
119,863,0
104,1282,0
346,383,0
692,513,0
698,1368,0
678,585,0
23,855,0
272,169,0
633,1483,0
623,1361,0
110,261,0
492,297,0
122,623,0
141,904,0
68,782,0
593,1031,0
218,1317,0
394,1333,0
404,193,0
340,50,0
700,732,0
190,523,0
312,1223,0
443,170,0
406,685,0
88,997,0
633,965,0
275,863,0
506,1091,0
390,28,0
95,693,0
588,769,0
114,1251,0
165,1220,0
693,1145,0
298,829,0
182,214,0
118,144,0
320,1392,0
261,331,0
667,112,0
252,436,0
495,1102,0
453,1386,0
521,1352,0
700,644,0
132,5,0
587,1461,0
16,1107,0
415,1162,0
655,875,0
153,845,0
54,1012,0
67,1185,0
358,1110,0
531,999,0
14,1275,0
692,951,0
32,832,0
223,109,0
403,700,0
582,1302,0
528,1264,0
370,780,0
470,1508,0
205,648,0
436,672,0
84,216,0
397,806,0
395,515,0
422,410,0
371,1126,0
387,187,0
571,336,0
536,25,0
551,1411,0
115,449,0
131,948,0
614,1466,0
479,686,0
89,1474,0
701,942,0
9,74,0
20,194,0
44,520,0
13,1031,0
28,1116,0
214,555,0
561,779,0
462,882,0
518,1343,0
358,347,0
551,864,0
289,137,0
386,1406,0
598,756,0
551,574,0
536,1483,0
512,177,0
381,432,0
403,675,0
89,1342,0
500,1079,0
245,106,0
360,2,0
245,1026,0
104,106,0
592,167,0
428,465,0
350,32,0
651,1492,0
600,461,0
591,248,0
554,623,0
682,1224,0
313,628,0
612,704,0
216,1160,0
505,1491,0
95,712,0
518,866,0
432,1267,0
467,488,0
291,139,0
648,456,0
425,1460,0
506,798,0
685,682,0
237,1295,0
7,241,0
156,1416,0
191,300,0
338,347,0
213,242,0
215,961,0
563,414,0
338,413,0
275,1017,0
213,1114,0
630,720,0
489,829,0
385,1446,0
306,1213,0
55,1421,0
230,282,0
75,3,0
308,947,0
422,1495,0
654,244,0
673,271,0
588,764,0
514,447,0
385,738,0
87,147,0
91,84,0
17,246,0
336,315,0
567,579,0
100,1176,0
25,40,0
64,1046,0
304,35,0
267,1346,0
431,738,0
203,150,0
460,927,0
354,388,0
446,356,0
285,723,0
62,950,0
444,455,0
512,385,0
443,255,0
231,260,0
388,305,0
564,1139,0
396,389,0
341,1490,0
672,143,0
287,809,0
195,1174,0
238,1112,0
628,324,0
248,447,0
700,1181,0
35,1081,0
32,822,0
707,193,0
659,323,0
149,258,0
19,1357,0
370,320,0
622,504,0
420,22,0
382,1444,0
484,290,0
151,1103,0
438,1374,0
77,1091,0
478,605,0
549,247,0
617,1,0
246,925,0
68,1511,0
