432 796
292 756
584 816
330 1030
48 1269
626 1174
58 931
340 720
694 1269
120 1082
43 1168
197 832
287 1150
625 747
217 1278
516 858
40 1035
174 1115
382 891
93 996
50 1169
645 1258
564 872
624 940
423 1695
433 1896
597 873
135 994
524 940
210 1486
573 1335
302 756
685 806
281 897
462 996
3 1035
347 949
613 1143
252 1036
93 1343
396 1876
289 996
516 718
624 1036
120 996
597 872
77 807
202 1150
110 1877
626 986
588 873
213 806
31 945
16 1017
242 1102
444 949
617 734
694 768
272 720
83 756
616 720
423 1168
680 987
110 1874
294 1115
365 858
389 996
306 981
108 986
12 1168
329 931
97 1522
396 1878
553 1025
690 1445
580 1018
69 1074
359 816
543 1074
103 1719
335 1030
486 1025
17 806
553 1110
528 1205
145 964
617 1624
50 872
606 806
292 956
347 1069
38 823
10 1872
597 1115
250 768
176 790
25 1856
624 996
684 1494
329 1087
96 1066
286 987
573 998
356 1435
669 902
9 1074
239 897
579 1559
31 751
624 757
316 1036
393 1271
41 998
272 949
225 986
315 891
48 1143
26 756
133 1701
449 1074
93 1883
637 966
201 1030
522 827
148 929
413 874
656 1126
330 964
125 872
100 1070
289 873
311 832
255 814
148 1082
148 1034
564 964
624 1038
607 1877
523 1129
310 1697
175 1881
607 1010
367 1168
189 775
87 873
587 781
322 951
306 1168
655 1630
600 1134
590 1168
101 720
370 790
652 1415
344 718
561 1296
266 1425
12 779
400 720
302 1143
243 847
432 816
147 827
136 996
158 1695
306 1874
294 1034
686 914
433 1562
495 858
112 1028
257 1036
580 807
65 816
48 1038
546 859
120 1038
617 1030
355 999
624 1143
101 1082
46 1885
486 891
292 1706
93 986
120 883
671 847
588 872
48 720
299 1624
58 929
609 1566
570 1872
597 1038
134 954
497 872
691 1138
480 858
141 916
396 1010
601 1874
392 757
101 1036
616 996
245 902
299 1131
503 1289
141 793
2 854
329 720
43 981
550 949
193 740
573 1869
549 986
564 734
541 756
252 1115
230 851
49 964
616 929
35 873
175 940
178 858
528 1035
299 2215
420 868
233 858
292 984
521 1277
491 858
10 1873
615 714
669 1632
397 964
109 1036
287 1066
19 842
597 964
288 1054
378 857
324 1115
120 1076
275 1861
306 1010
363 1278
509 1108
228 996
85 1010
43 1010
471 1134
566 1030
423 1010
302 1036
672 1876
391 1167
92 931
90 1150
110 1168
127 806
268 1204
16 986
540 1035
569 806
661 820
423 981
286 1473
616 847
505 1232
445 768
581 1183
570 986
159 1143
588 929
524 949
175 964
588 791
624 1169
499 956
330 847
102 806
120 940
222 1134
573 1018
251 1562
50 791
268 715
523 1874
694 1017
174 996
638 1201
694 720
652 1355
41 1069
691 883
596 1168
172 948
672 1697
108 1138
400 949
38 1072
120 757
176 1109
550 1702
141 729
486 1742
672 981
409 816
191 872
50 902
289 1138
132 816
163 1035
707 1035
535 807
183 1877
411 858
534 757
380 858
693 803
491 1854
500 1121
427 1126
602 2007
633 1167
624 873
675 1430
138 1703
121 1568
567 986
281 1460
597 1017
340 964
40 1708
484 1134
668 1695
174 1036
19 1564
499 1702
225 1115
494 1167
488 894
499 1860
574 1070
597 1169
371 872
585 1066
622 748
206 964
368 858
433 1632
201 734
672 1696
194 756
564 847
93 872
569 847
579 1417
389 949
48 940
176 1085
652 1300
626 1138
509 1369
613 1070
225 757
48 1036
349 770
616 873
11 757
489 1566
371 902
337 827
524 964
134 1624
62 987
294 872
392 940
349 1130
228 1168
317 1868
479 1566
46 850
255 909
375 988
