393,243,1
432,88,1
58,309,1
120,164,1
668,988,1
292,48,1
423,1166,1
175,407,1
431,430,1
584,108,1
101,256,1
240,108,1
420,739,1
330,322,1
401,408,1
182,460,1
443,256,1
48,561,1
537,271,1
499,241,1
686,278,1
626,466,1
128,271,1
292,940,1
662,26,1
58,223,1
310,1168,1
672,1167,1
120,84,1
340,12,1
384,78,1
569,26,1
257,394,1
694,561,1
228,12,1
153,73,1
509,150,1
120,374,1
627,922,1
423,1167,1
599,394,1
43,460,1
35,461,1
694,368,1
15,430,1
197,124,1
133,994,1
101,326,1
41,317,1
287,442,1
189,457,1
268,689,1
156,302,1
625,39,1
537,696,1
573,317,1
343,366,1
217,570,1
58,194,1
426,142,1
446,207,1
516,150,1
123,613,1
651,124,1
669,922,1
40,327,1
135,285,1
30,58,1
455,461,1
174,407,1
123,328,1
382,311,1
298,218,1
382,183,1
595,67,1
16,430,1
393,358,1
93,288,1
565,527,1
46,1180,1
624,83,1
50,461,1
356,665,1
138,998,1
550,248,1
645,550,1
465,164,1
603,98,1
271,322,1
564,164,1
672,987,1
572,418,1
308,426,1
624,232,1
68,482,1
154,366,1
392,139,1
423,987,1
116,546,1
232,291,1
628,138,1
433,1188,1
433,311,1
196,512,1
406,102,1
597,165,1
194,394,1
441,696,1
309,459,1
135,286,1
682,73,1
668,989,1
23,424,1
524,232,1
523,988,1
321,183,1
616,322,1
210,778,1
668,1167,1
120,461,1
433,183,1
573,627,1
643,108,1
526,186,1
506,322,1
302,48,1
371,83,1
616,330,1
442,442,1
685,98,1
12,1169,1
341,108,1
523,987,1
281,189,1
423,421,1
251,201,1
289,164,1
462,288,1
92,461,1
332,99,1
314,1029,1
3,327,1
371,12,1
530,144,1
473,295,1
347,241,1
311,591,1
71,244,1
236,25,1
613,435,1
251,814,1
19,119,1
170,916,1
252,328,1
553,242,1
271,993,1
603,394,1
93,635,1
617,423,1
175,288,1
524,139,1
396,1168,1
43,1168,1
410,183,1
396,1166,1
289,288,1
35,223,1
579,636,1
325,358,1
516,10,1
183,987,1
317,326,1
316,288,1
624,328,1
145,435,1
640,315,1
504,648,1
120,288,1
251,10,1
363,67,1
552,48,1
597,164,1
599,98,1
50,330,1
120,561,1
77,99,1
60,311,1
25,1149,1
346,288,1
202,442,1
511,240,1
310,987,1
121,614,1
110,1169,1
100,442,1
593,183,1
523,989,1
626,278,1
677,165,1
317,194,1
607,71,1
588,165,1
641,98,1
449,278,1
415,33,1
213,98,1
46,1176,1
69,278,1
678,12,1
31,237,1
694,165,1
101,461,1
357,916,1
16,309,1
88,150,1
616,194,1
520,49,1
242,394,1
93,243,1
40,296,1
20,538,1
444,241,1
144,71,1
50,12,1
544,278,1
617,26,1
87,374,1
185,328,1
499,998,1
694,60,1
89,440,1
564,232,1
616,328,1
272,12,1
315,289,1
138,380,1
340,165,1
83,48,1
130,322,1
639,605,1
93,232,1
616,12,1
654,246,1
561,48,1
564,326,1
423,460,1
343,328,1
97,119,1
575,407,1
680,279,1
694,223,1
148,83,1
377,423,1
110,1166,1
48,26,1
523,460,1
382,1183,1
294,407,1
624,368,1
132,1202,1
638,985,1
365,150,1
164,185,1
184,430,1
176,114,1
389,288,1
433,1185,1
626,256,1
477,435,1
306,273,1
310,1169,1
689,276,1
669,366,1
108,278,1
398,243,1
584,48,1
637,13,1
12,460,1
128,58,1
505,108,1
389,435,1
329,223,1
251,528,1
206,330,1
93,1173,1
97,814,1
523,1168,1
48,175,1
524,49,1
396,1170,1
290,423,1
396,987,1
271,407,1
553,317,1
575,328,1
433,1184,1
13,98,1
690,737,1
567,328,1
537,279,1
221,654,1
580,310,1
35,374,1
175,430,1
339,246,1
69,366,1
541,241,1
141,13,1
340,164,1
359,108,1
466,175,1
370,43,1
322,358,1
543,366,1
72,278,1
631,483,1
368,19,1
103,1011,1
483,940,1
616,49,1
521,1010,1
335,322,1
458,165,1
93,256,1
183,71,1
486,317,1
261,428,1
294,394,1
324,288,1
17,98,1
499,621,1
671,232,1
85,460,1
553,402,1
188,1138,1
596,421,1
185,165,1
528,497,1
559,459,1
229,459,1
204,10,1
145,256,1
299,1506,1
43,421,1
644,242,1
617,916,1
458,98,1
588,435,1
561,98,1
50,164,1
111,10,1
171,435,1
437,435,1
606,98,1
135,14,1
278,459,1
191,194,1
292,248,1
291,584,1
429,335,1
374,279,1
347,361,1
271,232,1
275,1154,1
93,407,1
38,115,1
74,460,1
220,640,1
228,278,1
10,1164,1
61,48,1
477,12,1
346,164,1
597,407,1
171,288,1
550,505,1
574,366,1
250,60,1
206,12,1
225,165,1
10,494,1
176,82,1
234,852,1
291,986,1
175,26,1
25,1148,1
524,288,1
520,322,1
85,985,1
624,288,1
184,278,1
123,164,1
170,394,1
684,786,1
677,256,1
588,326,1
514,459,1
329,379,1
15,924,1
32,288,1
176,237,1
96,358,1
432,48,1
428,461,1
694,435,1
286,279,1
394,364,1
549,366,1
444,394,1
573,290,1
347,452,1
310,71,1
202,243,1
356,727,1
521,613,1
349,101,1
199,857,1
669,194,1
618,16,1
344,237,1
206,435,1
9,366,1
454,263,1
550,452,1
631,113,1
239,189,1
301,33,1
46,1178,1
659,81,1
579,851,1
62,696,1
393,442,1
302,288,1
31,43,1
283,136,1
96,243,1
332,366,1
624,49,1
389,621,1
268,635,1
526,315,1
316,328,1
607,988,1
546,317,1
597,435,1
393,563,1
146,49,1
580,206,1
382,514,1
41,290,1
383,102,1
260,67,1
324,328,1
272,241,1
19,744,1
227,124,1
0,112,1
225,278,1
581,460,1
48,83,1
329,461,1
315,183,1
704,358,1
292,997,1
143,248,1
48,435,1
694,461,1
333,89,1
569,278,1
26,48,1
477,366,1
659,16,1
396,1169,1
133,993,1
93,430,1
165,360,1
580,225,1
449,366,1
123,394,1
48,326,1
433,853,1
93,1175,1
340,221,1
194,98,1
299,1505,1
637,258,1
245,164,1
437,362,1
183,302,1
201,322,1
101,139,1
473,188,1
133,940,1
522,119,1
346,368,1
593,311,1
597,223,1
148,221,1
160,309,1
614,459,1
131,175,1
413,166,1
233,10,1
634,497,1
529,223,1
656,418,1
16,358,1
662,322,1
549,430,1
330,256,1
330,430,1
126,273,1
299,985,1
125,164,1
420,289,1
23,6,1
123,326,1
100,362,1
441,279,1
291,362,1
346,256,1
289,165,1
64,108,1
457,459,1
579,624,1
311,124,1
176,43,1
340,374,1
172,206,1
255,106,1
310,1166,1
277,164,1
672,302,1
148,374,1
101,26,1
46,315,1
597,83,1
148,326,1
413,95,1
461,10,1
225,26,1
564,256,1
347,460,1
183,1170,1
292,996,1
624,330,1
115,1145,1
698,497,1
306,1168,1
607,1169,1
76,358,1
110,1168,1
388,1166,1
523,421,1
251,1015,1
581,985,1
285,185,1
310,989,1
180,140,1
529,45,1
225,139,1
175,1173,1
404,459,1
507,922,1
133,248,1
607,302,1
370,114,1
214,242,1
148,164,1
367,460,1
405,10,1
368,119,1
148,330,1
189,67,1
261,150,1
371,326,1
16,26,1
87,165,1
254,276,1
697,1011,1
48,221,1
587,73,1
121,859,1
588,12,1
502,636,1
322,243,1
430,141,1
12,1167,1
691,243,1
306,460,1
356,745,1
101,309,1
2,453,1
655,922,1
680,696,1
624,194,1
366,124,1
600,426,1
64,322,1
340,328,1
391,320,1
590,460,1
151,475,1
262,400,1
259,988,1
101,12,1
188,150,1
506,26,1
429,346,1
370,82,1
283,417,1
294,98,1
61,426,1
652,707,1
459,99,1
271,248,1
542,185,1
344,10,1
344,150,1
544,366,1
238,1162,1
561,588,1
183,273,1
429,34,1
101,164,1
266,717,1
607,460,1
611,424,1
564,309,1
12,71,1
546,1382,1
594,854,1
85,472,1
400,12,1
423,1170,1
564,278,1
58,165,1
302,435,1
228,49,1
78,34,1
550,993,1
243,139,1
148,461,1
14,269,1
35,263,1
432,108,1
424,127,1
292,995,1
524,322,1
147,119,1
255,526,1
668,1166,1
83,248,1
136,288,1
23,546,1
552,98,1
255,433,1
158,987,1
292,430,1
361,922,1
242,613,1
306,1166,1
444,164,1
137,418,1
700,28,1
294,326,1
499,380,1
276,315,1
567,309,1
686,206,1
393,203,1
431,108,1
110,1167,1
433,854,1
297,115,1
388,989,1
546,2,1
495,150,1
101,194,1
622,2,1
183,1167,1
112,320,1
424,427,1
376,232,1
329,374,1
257,328,1
50,435,1
80,117,1
92,374,1
580,99,1
183,460,1
406,1148,1
509,429,1
65,108,1
72,430,1
12,1166,1
268,495,1
48,330,1
616,83,1
431,278,1
379,442,1
546,151,1
120,12,1
623,452,1
616,374,1
120,330,1
624,374,1
460,421,1
22,181,1
617,322,1
412,394,1
381,988,1
579,247,1
355,291,1
144,989,1
388,1169,1
428,175,1
624,435,1
502,33,1
436,115,1
23,279,1
101,374,1
567,430,1
458,461,1
388,988,1
46,1177,1
36,426,1
4,430,1
174,48,1
486,183,1
5,33,1
368,140,1
325,243,1
292,998,1
271,1151,1
368,1502,1
19,1203,1
93,278,1
378,261,1
564,288,1
496,610,1
120,175,1
340,326,1
334,319,1
43,1167,1
671,139,1
125,309,1
242,165,1
495,10,1
588,164,1
592,98,1
423,1169,1
172,259,1
48,12,1
388,421,1
86,144,1
49,309,1
299,916,1
68,1055,1
424,362,1
244,150,1
58,221,1
302,256,1
99,145,1
546,238,1
609,858,1
146,322,1
569,583,1
616,232,1
570,1164,1
660,246,1
560,119,1
101,232,1
597,330,1
597,288,1
271,26,1
351,58,1
134,246,1
685,394,1
588,330,1
442,358,1
497,164,1
62,102,1
75,185,1
281,185,1
691,430,1
477,83,1
110,987,1
388,71,1
480,150,1
592,394,1
586,330,1
352,675,1
141,208,1
50,309,1
175,139,1
96,442,1
396,302,1
141,359,1
329,435,1
367,273,1
601,1166,1
564,407,1
144,1168,1
58,83,1
392,49,1
143,998,1
2,324,1
451,240,1
101,328,1
388,460,1
410,311,1
524,26,1
616,288,1
310,1170,1
17,394,1
696,358,1
245,194,1
121,312,1
161,927,1
191,326,1
299,423,1
101,288,1
405,150,1
358,426,1
503,581,1
564,328,1
677,49,1
294,288,1
141,85,1
100,243,1
22,554,1
472,49,1
2,146,1
553,418,1
693,166,1
597,368,1
329,12,1
537,663,1
145,309,1
316,435,1
43,273,1
423,1168,1
585,243,1
144,302,1
550,241,1
379,243,1
138,996,1
276,186,1
193,32,1
179,10,1
434,450,1
26,694,1
573,1161,1
621,435,1
271,49,1
48,288,1
549,278,1
396,1167,1
121,568,1
50,221,1
564,26,1
167,426,1
421,175,1
262,918,1
541,48,1
486,817,1
587,67,1
573,362,1
252,407,1
329,309,1
623,361,1
506,139,1
230,143,1
12,988,1
76,243,1
111,364,1
49,256,1
469,696,1
148,256,1
606,394,1
616,221,1
521,1009,1
581,273,1
601,460,1
35,165,1
376,322,1
364,10,1
140,67,1
175,232,1
661,67,1
64,1174,1
135,106,1
178,150,1
564,322,1
266,686,1
146,423,1
528,327,1
564,223,1
136,328,1
175,49,1
299,1507,1
384,74,1
616,561,1
668,1170,1
420,160,1
492,417,1
356,518,1
514,1503,1
233,150,1
668,1169,1
243,26,1
588,256,1
292,276,1
269,459,1
43,987,1
306,1170,1
521,569,1
368,709,1
658,119,1
300,67,1
491,150,1
12,1170,1
12,987,1
38,402,1
10,1165,1
253,459,1
22,419,1
395,98,1
615,6,1
396,989,1
691,278,1
669,326,1
669,924,1
406,1149,1
87,461,1
361,605,1
397,256,1
376,49,1
151,493,1
291,470,1
109,328,1
536,1041,1
330,49,1
57,394,1
287,358,1
329,83,1
268,113,1
624,164,1
19,134,1
287,90,1
477,78,1
624,12,1
597,256,1
58,256,1
224,67,1
532,1181,1
288,346,1
16,442,1
329,326,1
115,858,1
378,149,1
564,435,1
22,260,1
15,366,1
324,407,1
93,49,1
631,484,1
303,108,1
120,368,1
521,545,1
120,26,1
364,150,1
275,1153,1
458,394,1
20,1060,1
374,6,1
306,302,1
12,302,1
93,1174,1
82,43,1
363,570,1
424,460,1
340,435,1
672,460,1
509,400,1
43,71,1
637,496,1
82,401,1
228,288,1
667,400,1
529,256,1
41,460,1
85,302,1
133,998,1
185,12,1
569,232,1
43,302,1
46,1038,1
511,175,1
82,237,1
471,426,1
275,1155,1
175,278,1
433,505,1
566,322,1
694,98,1
523,273,1
225,232,1
423,302,1
401,1150,1
618,138,1
170,288,1
302,328,1
485,461,1
507,924,1
491,10,1
672,1168,1
236,300,1
8,984,1
574,175,1
391,459,1
588,194,1
508,617,1
306,1169,1
92,223,1
242,461,1
532,390,1
120,194,1
90,442,1
193,51,1
446,1006,1
566,49,1
110,460,1
295,461,1
48,194,1
537,765,1
127,98,1
433,1034,1
280,327,1
330,232,1
268,496,1
50,223,1
120,322,1
508,1196,1
16,278,1
10,493,1
483,6,1
499,505,1
540,327,1
669,430,1
400,435,1
86,515,1
569,98,1
569,256,1
50,374,1
255,285,1
661,112,1
57,98,1
144,421,1
22,449,1
423,273,1
521,394,1
110,988,1
12,421,1
286,765,1
376,26,1
48,368,1
226,81,1
616,139,1
122,320,1
381,852,1
567,256,1
505,524,1
123,407,1
346,60,1
481,42,1
445,60,1
292,994,1
337,115,1
367,493,1
581,475,1
329,330,1
373,322,1
244,10,1
570,278,1
103,395,1
306,1167,1
2,530,1
159,435,1
58,374,1
94,857,1
616,461,1
588,221,1
43,988,1
120,326,1
607,1170,1
524,241,1
49,165,1
425,243,1
43,1166,1
175,256,1
2,318,1
319,380,1
596,302,1
588,83,1
196,482,1
93,358,1
696,442,1
624,461,1
668,460,1
316,407,1
112,459,1
499,248,1
110,1170,1
299,494,1
295,263,1
330,139,1
228,435,1
310,988,1
631,486,1
102,98,1
48,322,1
281,516,1
257,98,1
120,232,1
185,256,1
101,49,1
553,183,1
222,426,1
594,108,1
340,194,1
160,322,1
573,310,1
271,328,1
668,71,1
534,322,1
251,854,1
585,442,1
621,49,1
330,26,1
50,83,1
607,989,1
116,72,1
694,256,1
268,7,1
92,164,1
160,49,1
292,402,1
523,1166,1
262,722,1
668,302,1
573,657,1
694,309,1
396,71,1
43,1170,1
616,435,1
174,288,1
120,328,1
60,460,1
607,987,1
638,493,1
160,26,1
616,309,1
454,165,1
694,12,1
529,309,1
321,311,1
286,546,1
652,647,1
396,273,1
158,31,1
154,430,1
41,361,1
669,278,1
64,1173,1
151,273,1
691,175,1
329,221,1
68,726,1
428,45,1
596,460,1
486,311,1
637,113,1
123,194,1
172,240,1
101,368,1
286,696,1
616,175,1
672,989,1
567,164,1
31,401,1
273,73,1
108,430,1
541,435,1
289,256,1
201,232,1
400,241,1
424,266,1
423,71,1
12,1168,1
38,364,1
118,81,1
299,1504,1
271,241,1
120,49,1
300,457,1
548,357,1
703,164,1
176,401,1
511,362,1
694,221,1
144,1170,1
550,994,1
534,26,1
668,273,1
279,135,1
141,21,1
624,221,1
429,1006,1
70,346,1
486,1034,1
225,256,1
22,439,1
423,988,1
672,273,1
641,394,1
678,435,1
631,487,1
409,108,1
109,288,1
365,10,1
172,225,1
191,164,1
496,94,1
338,423,1
536,123,1
50,194,1
130,26,1
295,374,1
585,572,1
289,430,1
310,273,1
554,94,1
213,394,1
132,108,1
260,320,1
339,916,1
120,309,1
163,327,1
703,288,1
136,407,1
48,256,1
707,327,1
624,326,1
341,19,1
624,139,1
535,99,1
48,139,1
255,286,1
638,1164,1
183,1169,1
340,309,1
178,10,1
138,248,1
411,150,1
523,1169,1
50,256,1
475,394,1
534,49,1
590,290,1
43,989,1
309,380,1
380,150,1
261,646,1
203,1202,1
280,637,1
693,95,1
508,39,1
463,33,1
201,139,1
491,1146,1
243,322,1
613,218,1
448,256,1
500,413,1
141,258,1
242,98,1
425,358,1
427,418,1
48,165,1
62,6,1
433,108,1
602,1299,1
101,322,1
225,430,1
255,200,1
633,459,1
667,279,1
587,196,1
624,561,1
624,165,1
243,49,1
49,368,1
69,430,1
675,722,1
616,256,1
265,394,1
93,452,1
138,995,1
309,73,1
544,430,1
265,98,1
121,860,1
28,64,1
704,442,1
460,460,1
567,278,1
624,26,1
144,1169,1
14,992,1
281,752,1
350,175,1
398,442,1
439,374,1
597,309,1
294,328,1
428,165,1
694,164,1
340,256,1
590,452,1
571,189,1
597,12,1
40,1000,1
418,124,1
504,513,1
372,442,1
484,426,1
257,288,1
16,362,1
85,273,1
668,987,1
379,358,1
590,361,1
220,150,1
174,328,1
145,12,1
330,278,1
299,493,1
19,856,1
127,394,1
120,435,1
340,288,1
499,994,1
310,460,1
140,320,1
450,394,1
225,407,1
581,302,1
557,73,1
554,115,1
494,459,1
120,165,1
243,232,1
652,477,1
488,186,1
10,1163,1
271,288,1
130,232,1
499,1152,1
58,461,1
140,195,1
362,49,1
574,362,1
317,164,1
247,150,1
291,737,1
597,461,1
439,461,1
691,358,1
567,165,1
371,164,1
151,985,1
624,256,1
125,175,1
585,358,1
101,175,1
54,238,1
637,495,1
622,40,1
195,165,1
204,150,1
93,139,1
206,256,1
10,985,1
50,165,1
316,164,1
368,150,1
585,67,1
50,326,1
252,48,1
433,924,1
144,988,1
631,485,1
88,10,1
201,26,1
628,16,1
565,261,1
306,71,1
672,988,1
506,232,1
637,85,1
586,435,1
194,48,1
433,817,1
420,340,1
616,26,1
564,139,1
624,322,1
48,309,1
299,1165,1
93,164,1
367,985,1
90,243,1
62,546,1
569,139,1
637,208,1
179,150,1
306,989,1
579,709,1
576,426,1
170,164,1
504,1201,1
389,241,1
255,14,1
24,26,1
702,73,1
48,232,1
672,1169,1
569,394,1
144,987,1
176,377,1
654,64,1
143,993,1
312,288,1
652,592,1
523,71,1
499,993,1
423,989,1
626,430,1
327,150,1
493,292,1
184,366,1
509,661,1
78,99,1
662,49,1
268,1022,1
613,362,1
669,164,1
655,138,1
485,374,1
225,49,1
427,289,1
188,1119,1
329,194,1
48,328,1
518,426,1
523,1170,1
408,395,1
349,62,1
624,175,1
654,288,1
597,221,1
616,165,1
480,10,1
561,669,1
522,115,1
11,49,1
58,330,1
388,302,1
561,94,1
489,858,1
310,302,1
202,358,1
671,49,1
371,194,1
588,328,1
377,49,1
286,6,1
337,119,1
158,427,1
686,430,1
552,505,1
524,256,1
388,1167,1
172,358,1
210,773,1
134,916,1
205,60,1
612,570,1
469,931,1
62,279,1
101,165,1
156,460,1
574,99,1
294,164,1
101,221,1
367,472,1
48,49,1
392,232,1
691,442,1
564,165,1
270,73,1
349,422,1
441,765,1
183,1166,1
123,288,1
228,460,1
564,430,1
84,289,1
144,460,1
317,1160,1
114,317,1
462,164,1
431,49,1
479,858,1
524,435,1
153,380,1
588,223,1
46,142,1
48,164,1
335,175,1
607,1166,1
255,201,1
316,326,1
650,322,1
74,326,1
375,280,1
135,539,0
183,218,0
4,1485,0
666,860,0
155,348,0
241,421,0
220,1088,0
553,60,0
578,1001,0
502,476,0
397,1455,0
455,591,0
605,841,0
268,1480,0
497,428,0
685,180,0
34,687,0
437,848,0
612,697,0
701,1479,0
613,1088,0
539,1364,0
305,608,0
255,957,0
135,55,0
447,865,0
150,1441,0
413,143,0
447,276,0
168,1248,0
93,1160,0
674,1445,0
410,35,0
408,13,0
243,308,0
102,1482,0
1,216,0
245,989,0
160,159,0
269,1451,0
580,733,0
207,1240,0
218,460,0
266,1123,0
440,43,0
245,1444,0
192,1213,0
270,241,0
63,517,0
409,72,0
324,1000,0
98,223,0
192,46,0
588,128,0
688,311,0
124,1272,0
188,1452,0
648,135,0
441,558,0
123,1136,0
284,1385,0
200,689,0
561,1313,0
172,167,0
633,1114,0
46,954,0
706,182,0
310,1368,0
528,1161,0
30,1154,0
191,513,0
35,527,0
463,1440,0
444,1278,0
194,1289,0
582,1238,0
397,1331,0
135,1438,0
505,1379,0
548,970,0
493,14,0
578,506,0
392,442,0
219,637,0
100,1252,0
334,628,0
379,766,0
469,322,0
88,842,0
607,161,0
26,1070,0
329,313,0
369,1424,0
3,910,0
516,709,0
396,1110,0
562,629,0
119,588,0
313,759,0
536,1096,0
435,1426,0
656,1245,0
653,823,0
491,24,0
471,570,0
404,8,0
601,306,0
195,799,0
3,994,0
293,1351,0
165,544,0
59,1228,0
337,184,0
453,342,0
199,953,0
562,246,0
131,1172,0
653,513,0
477,626,0
684,490,0
668,70,0
658,713,0
166,761,0
301,563,0
51,177,0
461,1383,0
217,578,0
278,101,0
681,176,0
353,1107,0
526,1089,0
449,276,0
281,923,0
695,968,0
584,956,0
509,931,0
223,399,0
187,1278,0
179,649,0
242,372,0
390,1052,0
463,177,0
690,33,0
344,865,0
585,307,0
667,880,0
89,622,0
122,944,0
244,855,0
64,538,0
385,923,0
261,1390,0
513,916,0
177,787,0
95,881,0
114,1335,0
164,1201,0
379,1052,0
573,1496,0
263,846,0
80,461,0
531,1335,0
96,1026,0
649,624,0
50,1454,0
539,378,0
650,1385,0
309,1140,0
657,1100,0
117,1233,0
337,399,0
38,1267,0
670,1056,0
575,348,0
521,1447,0
701,1472,0
372,99,0
285,567,0
50,35,0
34,697,0
25,440,0
193,1447,0
115,912,0
706,1463,0
348,682,0
602,1232,0
601,442,0
417,45,0
42,707,0
137,23,0
332,474,0
231,552,0
494,251,0
543,580,0
400,114,0
693,1213,0
299,1274,0
13,1077,0
694,1133,0
362,113,0
650,338,0
327,460,0
332,741,0
82,761,0
104,254,0
634,761,0
574,1182,0
213,1387,0
117,988,0
190,1332,0
541,989,0
317,448,0
270,124,0
541,671,0
283,423,0
401,298,0
79,144,0
323,1483,0
185,845,0
125,935,0
436,1172,0
382,764,0
168,659,0
296,683,0
463,114,0
356,1476,0
73,28,0
432,263,0
291,210,0
493,1458,0
550,92,0
450,956,0
269,1114,0
176,924,0
542,153,0
26,766,0
192,1324,0
583,643,0
85,1406,0
337,1299,0
161,810,0
628,941,0
344,622,0
128,1133,0
313,552,0
176,735,0
257,526,0
535,927,0
40,607,0
687,783,0
403,895,0
117,1281,0
304,892,0
192,667,0
520,1414,0
30,934,0
291,658,0
291,1096,0
154,1116,0
260,23,0
244,1385,0
642,1220,0
470,1283,0
117,1107,0
459,240,0
631,206,0
474,473,0
457,1128,0
260,858,0
316,1487,0
59,196,0
430,1448,0
119,1459,0
193,275,0
506,826,0
391,916,0
346,128,0
381,1462,0
336,549,0
384,991,0
38,779,0
565,515,0
439,576,0
567,731,0
648,163,0
589,490,0
468,570,0
617,1463,0
585,194,0
428,89,0
677,265,0
506,739,0
98,1145,0
13,423,0
689,1054,0
632,1210,0
706,983,0
406,1186,0
13,772,0
41,300,0
249,818,0
166,857,0
391,630,0
66,47,0
97,1371,0
178,1156,0
570,274,0
14,694,0
532,1267,0
513,672,0
334,705,0
577,588,0
488,754,0
667,79,0
113,1136,0
272,1081,0
621,1116,0
135,1140,0
27,326,0
290,1354,0
657,1262,0
335,737,0
576,1080,0
61,324,0
564,1360,0
343,403,0
25,1163,0
535,1405,0
168,980,0
653,1078,0
616,612,0
499,1507,0
500,716,0
524,516,0
79,197,0
436,495,0
450,990,0
354,357,0
433,1025,0
455,305,0
126,183,0
132,795,0
357,501,0
36,566,0
495,841,0
303,494,0
43,606,0
509,148,0
35,974,0
432,1258,0
21,325,0
464,1385,0
322,317,0
284,859,0
39,664,0
585,342,0
684,296,0
101,721,0
445,1015,0
446,1284,0
385,1445,0
140,363,0
643,1269,0
332,580,0
607,140,0
354,65,0
103,450,0
598,978,0
346,602,0
181,1284,0
558,1344,0
233,293,0
696,705,0
419,264,0
11,1303,0
83,1219,0
675,1300,0
181,1311,0
323,914,0
169,893,0
10,1224,0
231,1058,0
509,911,0
404,1176,0
42,106,0
308,553,0
530,852,0
15,656,0
515,254,0
281,858,0
130,318,0
177,645,0
296,873,0
533,822,0
334,714,0
385,1135,0
333,210,0
230,843,0
452,1403,0
215,1026,0
135,1059,0
667,766,0
125,1276,0
76,351,0
293,1419,0
377,1497,0
85,1055,0
284,422,0
136,89,0
685,76,0
375,75,0
160,1226,0
12,574,0
16,1432,0
265,591,0
682,1032,0
338,175,0
214,991,0
601,367,0
290,160,0
451,551,0
222,686,0
81,345,0
234,582,0
111,303,0
397,10,0
245,1090,0
524,39,0
580,373,0
67,951,0
692,1265,0
474,469,0
552,1251,0
493,194,0
373,1467,0
474,556,0
41,1231,0
452,1112,0
164,504,0
650,263,0
645,607,0
278,1450,0
136,1422,0
285,345,0
571,590,0
27,1470,0
239,620,0
450,1017,0
533,1183,0
293,413,0
545,1192,0
521,843,0
506,575,0
472,541,0
341,1470,0
254,1182,0
172,1137,0
7,1221,0
492,292,0
56,1181,0
664,330,0
580,1104,0
592,84,0
7,25,0
87,411,0
564,585,0
261,823,0
546,316,0
526,533,0
8,1488,0
573,705,0
309,916,0
539,710,0
385,725,0
345,389,0
126,525,0
472,826,0
174,1055,0
257,1500,0
482,823,0
662,1321,0
396,96,0
561,1148,0
630,1315,0
286,742,0
182,107,0
72,1102,0
542,1087,0
299,955,0
322,1496,0
163,1450,0
107,1479,0
69,679,0
220,1484,0
432,1275,0
453,1380,0
515,1324,0
135,1434,0
155,1184,0
356,159,0
435,473,0
441,234,0
208,232,0
10,1040,0
20,280,0
205,262,0
85,218,0
1,582,0
107,263,0
644,1380,0
230,322,0
493,1217,0
189,75,0
455,893,0
416,1469,0
588,136,0
589,806,0
552,90,0
239,794,0
374,1435,0
120,929,0
577,66,0
674,679,0
229,261,0
702,1031,0
479,1359,0
421,1361,0
666,718,0
585,591,0
163,78,0
70,859,0
381,1461,0
220,439,0
479,805,0
85,376,0
71,949,0
11,619,0
370,1124,0
472,766,0
97,723,0
632,995,0
202,1405,0
180,1011,0
494,936,0
578,1034,0
610,461,0
131,651,0
30,1507,0
147,51,0
643,275,0
325,768,0
629,1173,0
186,1370,0
175,1240,0
489,863,0
83,804,0
257,1175,0
437,741,0
154,7,0
485,300,0
263,1130,0
169,739,0
412,1132,0
52,746,0
188,1234,0
604,409,0
392,860,0
165,229,0
383,357,0
82,417,0
516,193,0
683,1414,0
643,1374,0
27,915,0
109,1371,0
240,46,0
694,701,0
462,1058,0
460,1260,0
153,509,0
481,529,0
271,23,0
634,986,0
263,926,0
308,1241,0
391,847,0
444,355,0
336,1259,0
294,1200,0
90,1413,0
427,1434,0
394,33,0
458,83,0
154,290,0
458,839,0
421,236,0
502,651,0
512,202,0
142,479,0
402,1200,0
49,1364,0
284,337,0
128,38,0
293,1194,0
427,166,0
187,1225,0
269,1172,0
418,512,0
290,516,0
705,1485,0
348,683,0
180,232,0
210,568,0
193,36,0
562,296,0
505,668,0
559,989,0
161,888,0
7,1286,0
663,944,0
465,1083,0
353,5,0
274,1343,0
546,129,0
305,1373,0
375,623,0
315,882,0
686,337,0
59,374,0
245,146,0
499,1063,0
531,189,0
168,1460,0
51,751,0
705,231,0
138,479,0
671,1085,0
68,574,0
376,406,0
561,228,0
159,1110,0
639,385,0
318,1489,0
384,992,0
283,1030,0
561,879,0
54,1182,0
107,298,0
409,597,0
68,1425,0
543,197,0
691,910,0
289,1085,0
211,508,0
13,452,0
156,944,0
490,1091,0
537,361,0
138,737,0
321,1455,0
185,1313,0
589,69,0
17,221,0
322,87,0
436,1253,0
173,1452,0
621,153,0
243,229,0
492,715,0
105,1173,0
388,1261,0
483,911,0
469,421,0
375,1481,0
648,838,0
460,428,0
629,361,0
145,1407,0
44,469,0
325,341,0
144,309,0
582,592,0
570,527,0
602,1172,0
56,212,0
114,463,0
677,23,0
675,1434,0
163,1130,0
641,375,0
160,501,0
371,624,0
81,476,0
191,121,0
666,1392,0
444,117,0
212,1166,0
237,462,0
614,947,0
104,282,0
142,677,0
518,906,0
198,620,0
162,894,0
53,86,0
243,1192,0
160,1087,0
592,846,0
489,870,0
266,1034,0
511,85,0
275,1200,0
266,1219,0
673,1200,0
245,568,0
262,1326,0
566,857,0
262,1303,0
368,326,0
554,1324,0
393,264,0
569,1032,0
341,118,0
186,1011,0
173,504,0
327,1363,0
603,920,0
95,196,0
376,342,0
517,0,0
90,85,0
587,72,0
6,1354,0
625,389,0
107,1195,0
240,923,0
142,289,0
277,1158,0
396,1179,0
607,578,0
67,961,0
527,600,0
703,449,0
89,242,0
241,1018,0
288,812,0
16,801,0
457,1193,0
696,1435,0
393,1059,0
94,570,0
374,245,0
416,796,0
55,1053,0
20,1378,0
688,416,0
129,1199,0
239,954,0
585,1471,0
439,1052,0
560,1087,0
77,983,0
532,79,0
671,281,0
296,383,0
450,586,0
648,1333,0
449,967,0
255,1082,0
130,912,0
5,897,0
127,30,0
265,1408,0
324,90,0
64,892,0
381,1136,0
335,1415,0
516,824,0
248,50,0
246,351,0
211,303,0
446,756,0
250,533,0
259,1224,0
24,815,0
14,654,0
352,594,0
683,1092,0
445,441,0
155,6,0
132,1341,0
467,150,0
425,488,0
417,168,0
696,1141,0
220,1350,0
156,1118,0
299,684,0
58,595,0
306,90,0
653,976,0
342,1431,0
131,398,0
289,390,0
283,951,0
398,259,0
211,403,0
209,386,0
37,1282,0
277,1372,0
429,272,0
122,1351,0
17,1414,0
87,631,0
344,1003,0
116,1086,0
93,1350,0
161,680,0
58,495,0
455,834,0
630,1015,0
88,257,0
204,1347,0
703,1132,0
164,260,0
608,492,0
197,1048,0
651,1014,0
571,329,0
288,842,0
93,937,0
267,978,0
257,46,0
690,1409,0
507,1086,0
648,53,0
76,740,0
300,1471,0
132,888,0
629,1123,0
119,1442,0
254,1129,0
581,467,0
372,1048,0
5,639,0
453,1236,0
381,15,0
252,299,0
217,226,0
44,1495,0
543,834,0
183,991,0
697,894,0
607,363,0
150,1147,0
574,1323,0
548,925,0
164,904,0
138,1153,0
403,997,0
48,1494,0
695,1139,0
145,782,0
636,1090,0
528,1134,0
242,829,0
648,862,0
447,719,0
390,436,0
515,223,0
232,394,0
134,645,0
181,1173,0
476,1380,0
38,204,0
591,117,0
80,225,0
305,684,0
375,1433,0
700,117,0
695,231,0
104,398,0
266,391,0
32,1037,0
183,156,0
163,1222,0
238,256,0
603,1131,0
17,215,0
539,66,0
68,180,0
225,206,0
703,1045,0
126,682,0
326,1223,0
415,1033,0
450,542,0
398,103,0
277,1501,0
330,315,0
118,871,0
572,1172,0
581,719,0
591,770,0
553,862,0
604,479,0
336,426,0
601,46,0
272,306,0
470,277,0
570,660,0
93,134,0
525,1280,0
541,281,0
348,286,0
561,1475,0
577,1075,0
699,263,0
645,579,0
135,535,0
66,832,0
38,1022,0
223,239,0
676,949,0
380,1373,0
15,1468,0
225,102,0
368,1412,0
457,751,0
493,701,0
459,329,0
458,1024,0
175,1378,0
454,1056,0
381,812,0
654,1429,0
451,445,0
243,1281,0
424,46,0
476,11,0
277,282,0
627,1450,0
273,401,0
5,428,0
34,1281,0
638,847,0
300,626,0
547,1230,0
597,48,0
340,835,0
426,1042,0
344,1310,0
49,148,0
526,1059,0
306,618,0
443,701,0
268,601,0
456,1071,0
563,553,0
46,721,0
213,936,0
60,829,0
621,920,0
514,395,0
414,793,0
704,9,0
463,391,0
521,1101,0
438,1329,0
699,1465,0
493,425,0
287,198,0
263,170,0
171,39,0
477,1282,0
158,1101,0
43,992,0
182,1281,0
88,273,0
223,570,0
75,1405,0
425,113,0
404,1175,0
462,715,0
543,933,0
172,417,0
366,567,0
270,490,0
697,879,0
601,435,0
118,576,0
605,54,0
110,197,0
322,1474,0
212,1491,0
529,1292,0
584,995,0
107,803,0
223,462,0
546,719,0
239,545,0
151,1204,0
108,973,0
21,1504,0
32,94,0
42,73,0
173,1473,0
128,1267,0
184,28,0
524,307,0
253,1281,0
313,1183,0
9,865,0
21,180,0
166,771,0
591,766,0
177,400,0
140,810,0
138,1263,0
119,876,0
367,1107,0
578,1387,0
472,41,0
347,758,0
401,1190,0
464,621,0
357,1387,0
505,7,0
635,883,0
478,1184,0
114,231,0
39,683,0
488,483,0
133,1369,0
589,197,0
115,643,0
79,400,0
438,1455,0
294,1261,0
15,142,0
592,807,0
121,460,0
141,1380,0
296,190,0
422,621,0
232,960,0
482,490,0
112,288,0
416,1256,0
298,563,0
130,292,0
90,252,0
461,428,0
346,792,0
587,804,0
607,214,0
623,648,0
221,1411,0
427,952,0
541,951,0
239,332,0
485,45,0
301,1447,0
134,608,0
410,855,0
42,79,0
61,594,0
289,1214,0
5,214,0
248,878,0
179,1295,0
428,335,0
553,106,0
452,1249,0
201,1097,0
524,61,0
272,1362,0
574,1402,0
222,859,0
461,920,0
457,417,0
281,745,0
231,1294,0
312,1002,0
312,602,0
636,508,0
34,277,0
41,1363,0
611,933,0
247,369,0
548,1022,0
367,978,0
523,709,0
558,1353,0
524,1233,0
598,1134,0
377,899,0
457,799,0
330,342,0
580,172,0
249,1377,0
624,999,0
255,76,0
650,876,0
241,26,0
460,799,0
628,1376,0
698,555,0
88,893,0
9,981,0
385,208,0
439,627,0
308,1019,0
244,1098,0
703,893,0
349,866,0
191,912,0
69,443,0
623,1157,0
231,972,0
161,980,0
478,1126,0
367,17,0
363,694,0
314,1467,0
122,577,0
164,771,0
463,1018,0
94,489,0
1,1508,0
369,784,0
147,1452,0
208,840,0
610,632,0
449,25,0
108,914,0
249,1374,0
434,336,0
580,757,0
485,703,0
88,220,0
671,821,0
396,312,0
320,226,0
530,986,0
388,157,0
187,127,0
135,1189,0
211,6,0
394,638,0
511,714,0
42,1102,0
391,1309,0
599,729,0
282,996,0
118,1227,0
423,451,0
579,548,0
458,491,0
544,1312,0
77,1304,0
38,179,0
597,758,0
566,1402,0
442,1253,0
604,1029,0
584,70,0
633,1124,0
509,1132,0
533,1308,0
509,105,0
687,166,0
431,1191,0
441,818,0
374,663,0
477,147,0
409,953,0
488,115,0
118,1199,0
473,1318,0
571,1490,0
238,439,0
258,991,0
373,1056,0
143,23,0
675,348,0
164,783,0
404,837,0
183,1207,0
494,27,0
436,810,0
49,12,0
538,238,0
601,1200,0
466,1220,0
19,509,0
84,121,0
323,717,0
693,124,0
704,1369,0
627,949,0
316,604,0
489,345,0
46,1447,0
667,256,0
0,1064,0
478,876,0
67,1507,0
6,1435,0
40,901,0
331,696,0
233,232,0
264,472,0
419,1223,0
378,1202,0
621,1478,0
541,1100,0
41,119,0
608,296,0
70,536,0
368,1084,0
511,689,0
103,409,0
178,750,0
279,1351,0
612,46,0
119,729,0
223,814,0
236,1333,0
291,291,0
288,617,0
292,381,0
302,1277,0
301,193,0
213,892,0
478,99,0
25,728,0
435,1478,0
232,1023,0
59,1225,0
623,1307,0
381,85,0
121,1113,0
344,900,0
142,687,0
305,1480,0
574,1316,0
154,895,0
499,419,0
508,18,0
217,1396,0
244,465,0
347,1081,0
207,1222,0
227,497,0
555,96,0
241,929,0
653,1117,0
521,1007,0
543,1278,0
125,1496,0
702,35,0
445,1126,0
540,264,0
305,825,0
618,553,0
524,31,0
619,1298,0
214,1338,0
216,470,0
1,1288,0
556,1470,0
696,717,0
660,1492,0
313,1269,0
146,490,0
215,49,0
506,718,0
435,780,0
168,591,0
156,459,0
281,955,0
198,1168,0
651,1405,0
275,274,0
654,372,0
665,913,0
478,196,0
570,1034,0
476,785,0
393,810,0
687,566,0
52,1492,0
20,634,0
122,1200,0
148,674,0
68,628,0
424,541,0
154,1079,0
707,369,0
574,729,0
644,1475,0
239,1226,0
183,211,0
374,531,0
602,1059,0
73,152,0
545,1406,0
244,346,0
206,724,0
99,851,0
628,77,0
535,971,0
159,989,0
86,1291,0
683,1030,0
621,114,0
349,155,0
611,1395,0
511,958,0
395,409,0
67,905,0
231,270,0
36,861,0
57,464,0
189,885,0
412,1102,0
397,72,0
607,385,0
21,795,0
181,1206,0
212,140,0
310,78,0
70,579,0
616,198,0
590,564,0
634,107,0
436,749,0
249,1266,0
259,2,0
654,1056,0
687,1046,0
590,1483,0
212,569,0
18,1065,0
239,887,0
430,993,0
216,1505,0
305,3,0
164,1341,0
312,221,0
645,561,0
376,376,0
404,53,0
629,1047,0
530,557,0
397,146,0
349,1387,0
490,486,0
457,1177,0
120,1460,0
299,1182,0
541,1221,0
598,23,0
56,375,0
514,1228,0
493,124,0
360,13,0
115,186,0
158,400,0
501,91,0
311,1178,0
230,1245,0
365,85,0
574,430,0
535,605,0
383,574,0
519,948,0
84,828,0
71,2,0
451,381,0
221,1413,0
274,42,0
116,486,0
284,980,0
300,466,0
334,56,0
565,1392,0
601,1143,0
17,232,0
544,340,0
509,65,0
158,1000,0
696,1403,0
298,8,0
577,875,0
313,1274,0
203,1037,0
472,190,0
482,403,0
445,1051,0
417,1393,0
211,770,0
170,155,0
154,119,0
405,1060,0
172,185,0
194,1348,0
155,1229,0
74,485,0
704,367,0
581,921,0
631,1296,0
554,1196,0
530,418,0
559,14,0
404,976,0
589,1435,0
383,1295,0
53,321,0
321,352,0
137,186,0
628,223,0
489,53,0
23,789,0
84,364,0
335,741,0
361,511,0
687,586,0
511,239,0
557,163,0
334,397,0
638,260,0
343,1399,0
100,839,0
577,313,0
514,919,0
555,1238,0
600,1458,0
574,296,0
158,1343,0
299,1172,0
555,210,0
83,155,0
64,1053,0
549,893,0
63,572,0
22,492,0
453,752,0
166,653,0
24,31,0
255,178,0
525,48,0
508,488,0
465,917,0
521,784,0
97,1036,0
539,142,0
271,614,0
101,1423,0
45,149,0
473,171,0
201,519,0
595,762,0
36,139,0
341,1023,0
116,214,0
161,1233,0
307,632,0
61,36,0
235,1017,0
700,308,0
271,397,0
472,1324,0
319,1083,0
383,1235,0
108,874,0
159,1154,0
343,1351,0
11,955,0
439,807,0
656,874,0
44,723,0
181,557,0
378,1148,0
385,291,0
411,1211,0
323,1341,0
134,1384,0
429,352,0
316,654,0
184,987,0
111,363,0
247,761,0
347,990,0
674,62,0
48,629,0
166,1453,0
202,38,0
194,880,0
470,12,0
108,1314,0
162,1387,0
349,846,0
632,948,0
609,596,0
544,88,0
8,626,0
296,961,0
95,440,0
356,3,0
224,698,0
626,931,0
545,1169,0
564,914,0
397,155,0
634,468,0
424,1199,0
269,251,0
202,260,0
628,1304,0
704,1292,0
612,1234,0
73,226,0
450,712,0
435,413,0
518,61,0
180,1147,0
365,738,0
468,331,0
81,877,0
147,433,0
562,1509,0
234,555,0
246,843,0
683,712,0
443,336,0
419,415,0
561,1453,0
690,1416,0
325,710,0
495,980,0
456,575,0
278,566,0
509,710,0
363,211,0
138,1390,0
538,671,0
327,115,0
242,124,0
452,1022,0
372,65,0
310,1476,0
207,1496,0
594,299,0
584,532,0
699,1499,0
681,384,0
110,584,0
697,1465,0
622,445,0
597,617,0
601,954,0
84,562,0
576,1023,0
173,380,0
219,700,0
112,805,0
487,1010,0
137,1110,0
364,607,0
565,1195,0
19,905,0
425,733,0
382,797,0
445,724,0
45,407,0
592,1152,0
381,750,0
487,613,0
44,161,0
249,430,0
423,832,0
279,1011,0
570,263,0
205,192,0
193,1259,0
142,1283,0
624,214,0
400,913,0
654,1111,0
341,258,0
703,119,0
17,1171,0
296,1186,0
182,498,0
471,1309,0
504,1447,0
230,493,0
103,1431,0
446,981,0
299,17,0
137,1486,0
14,756,0
37,1475,0
646,79,0
394,907,0
522,552,0
92,513,0
145,463,0
65,1052,0
4,466,0
137,1327,0
662,1243,0
234,794,0
168,1368,0
68,636,0
522,1449,0
94,660,0
211,822,0
81,561,0
218,1166,0
126,142,0
223,1221,0
377,180,0
250,1355,0
90,1306,0
198,953,0
71,1441,0
163,494,0
50,425,0
401,270,0
119,1001,0
557,1261,0
119,537,0
96,720,0
116,1394,0
261,1419,0
46,1451,0
1,381,0
412,501,0
433,1,0
468,702,0
697,1402,0
705,1178,0
419,927,0
692,1146,0
442,635,0
501,940,0
585,229,0
369,324,0
34,180,0
156,1239,0
29,578,0
181,582,0
154,1038,0
580,822,0
628,444,0
44,779,0
148,228,0
528,332,0
158,740,0
545,835,0
707,614,0
18,1406,0
447,762,0
195,899,0
615,1123,0
508,781,0
12,199,0
623,988,0
192,131,0
465,1201,0
296,497,0
122,841,0
366,1126,0
169,969,0
232,589,0
576,13,0
296,422,0
307,2,0
591,70,0
530,1377,0
499,874,0
344,99,0
607,1398,0
621,1165,0
30,1276,0
668,838,0
473,63,0
270,1358,0
117,297,0
507,780,0
647,55,0
549,909,0
168,63,0
498,806,0
279,512,0
38,736,0
421,302,0
260,886,0
433,1315,0
318,1091,0
563,794,0
234,388,0
500,941,0
694,908,0
526,712,0
475,903,0
531,296,0
299,300,0
288,391,0
541,271,0
53,12,0
65,868,0
703,1149,0
630,743,0
595,1148,0
702,52,0
283,1361,0
308,303,0
659,331,0
551,206,0
378,765,0
316,661,0
654,401,0
513,1441,0
90,1304,0
181,1067,0
45,1187,0
387,1328,0
538,1166,0
263,390,0
680,740,0
435,759,0
485,614,0
427,762,0
161,911,0
487,1370,0
554,1385,0
693,1033,0
165,1470,0
10,593,0
530,1020,0
348,334,0
595,395,0
453,558,0
380,717,0
100,1146,0
563,132,0
487,1052,0
161,1318,0
28,1112,0
536,973,0
588,297,0
96,823,0
88,129,0
91,193,0
4,1016,0
139,269,0
178,280,0
525,75,0
5,1002,0
666,711,0
458,1162,0
241,243,0
568,500,0
679,1240,0
517,880,0
212,1177,0
128,520,0
663,365,0
409,1246,0
589,9,0
545,593,0
438,292,0
581,1495,0
452,990,0
389,211,0
455,516,0
336,376,0
58,588,0
371,1474,0
325,1411,0
584,555,0
401,1069,0
219,795,0
221,1142,0
109,712,0
146,577,0
112,1376,0
617,1317,0
349,1079,0
334,215,0
398,1086,0
361,1047,0
684,1438,0
452,1387,0
215,1450,0
392,1114,0
416,1253,0
196,996,0
689,1079,0
568,1259,0
659,90,0
610,1425,0
477,1370,0
168,1367,0
278,1090,0
319,475,0
677,880,0
321,1270,0
455,1429,0
334,1203,0
193,1413,0
280,916,0
139,1488,0
302,667,0
400,1040,0
596,89,0
238,1247,0
624,1505,0
59,1226,0
654,1047,0
611,450,0
563,1080,0
51,590,0
69,0,0
226,362,0
640,1176,0
128,1165,0
154,168,0
483,1499,0
62,769,0
115,323,0
304,1409,0
30,288,0
196,564,0
263,371,0
506,839,0
220,437,0
65,570,0
411,949,0
335,279,0
667,626,0
506,861,0
157,595,0
401,185,0
458,1224,0
139,59,0
651,1062,0
688,1223,0
474,317,0
297,1073,0
382,890,0
510,231,0
507,1238,0
398,133,0
471,557,0
437,1366,0
312,97,0
25,1293,0
629,1209,0
329,438,0
479,580,0
608,195,0
62,1507,0
14,730,0
83,529,0
555,262,0
678,1295,0
278,633,0
148,271,0
349,980,0
344,1405,0
280,86,0
667,1369,0
493,555,0
473,1201,0
645,0,0
485,737,0
181,90,0
536,1307,0
443,1468,0
277,3,0
701,989,0
430,210,0
55,1212,0
505,598,0
135,563,0
44,1194,0
418,701,0
243,310,0
519,1166,0
506,1382,0
145,1113,0
128,935,0
152,1025,0
565,238,0
231,1037,0
262,1348,0
625,1202,0
570,1293,0
215,394,0
99,229,0
667,917,0
457,656,0
579,424,0
454,1181,0
489,480,0
289,923,0
180,513,0
543,399,0
376,871,0
386,185,0
393,779,0
522,486,0
665,494,0
331,1232,0
442,650,0
10,47,0
699,122,0
209,1188,0
11,765,0
210,1490,0
238,412,0
283,1341,0
290,666,0
460,441,0
104,324,0
100,411,0
591,409,0
264,554,0
455,385,0
568,990,0
359,510,0
247,1139,0
453,688,0
45,26,0
399,728,0
19,1461,0
162,1066,0
225,321,0
39,1405,0
90,191,0
624,370,0
120,688,0
238,1345,0
23,762,0
440,931,0
8,1033,0
61,1156,0
133,1071,0
220,305,0
504,573,0
228,314,0
358,603,0
91,297,0
540,816,0
560,549,0
514,1500,0
408,443,0
276,1466,0
32,390,0
116,103,0
67,1322,0
192,808,0
361,827,0
360,545,0
470,292,0
341,400,0
140,172,0
453,697,0
342,559,0
657,388,0
476,1368,0
212,887,0
108,315,0
586,1061,0
335,302,0
129,315,0
492,1263,0
388,1084,0
630,858,0
151,1404,0
246,939,0
670,949,0
470,273,0
8,1402,0
163,722,0
636,369,0
114,962,0
507,154,0
405,344,0
310,807,0
3,75,0
452,448,0
682,1209,0
154,186,0
524,43,0
600,106,0
532,725,0
579,1160,0
115,1270,0
33,70,0
279,1438,0
81,676,0
110,1161,0
226,910,0
414,1187,0
6,1240,0
494,71,0
99,267,0
135,197,0
216,924,0
532,693,0
189,589,0
234,1338,0
35,506,0
113,1074,0
686,431,0
635,1224,0
478,873,0
371,1184,0
699,689,0
612,1498,0
141,1338,0
188,308,0
270,827,0
477,1120,0
568,250,0
417,1304,0
468,1120,0
58,1397,0
257,1200,0
502,553,0
61,213,0
532,827,0
174,289,0
666,1421,0
492,771,0
21,1192,0
239,195,0
10,384,0
605,264,0
356,767,0
352,1192,0
379,674,0
242,155,0
461,443,0
26,33,0
594,774,0
525,538,0
32,1500,0
56,145,0
578,609,0
4,908,0
170,605,0
607,1417,0
416,70,0
75,82,0
197,33,0
682,460,0
695,943,0
276,1262,0
172,1018,0
115,1102,0
462,564,0
491,775,0
143,473,0
30,14,0
521,252,0
93,1356,0
172,1445,0
319,711,0
523,520,0
676,193,0
429,1334,0
177,867,0
22,635,0
705,672,0
424,615,0
206,143,0
216,317,0
48,898,0
395,508,0
693,343,0
412,699,0
414,695,0
502,899,0
93,94,0
223,1372,0
265,834,0
339,1312,0
28,66,0
274,389,0
209,769,0
618,90,0
125,946,0
210,154,0
392,979,0
487,316,0
205,1222,0
477,85,0
618,253,0
636,944,0
617,1477,0
100,870,0
444,142,0
503,27,0
413,543,0
133,332,0
117,722,0
513,1166,0
460,305,0
358,717,0
598,935,0
463,21,0
255,52,0
390,342,0
299,353,0
214,138,0
199,1466,0
698,886,0
409,1378,0
124,1483,0
21,1411,0
321,45,0
681,1110,0
121,994,0
230,291,0
73,976,0
30,1161,0
24,104,0
528,165,0
647,128,0
348,939,0
302,632,0
647,938,0
278,1136,0
638,363,0
115,1327,0
361,271,0
565,859,0
480,720,0
226,470,0
383,363,0
572,988,0
623,1400,0
28,872,0
546,1260,0
415,984,0
155,581,0
174,223,0
542,818,0
305,759,0
496,964,0
173,961,0
229,472,0
230,1187,0
260,657,0
118,764,0
383,429,0
188,687,0
549,1258,0
456,1402,0
61,370,0
100,662,0
231,920,0
232,1326,0
93,1467,0
671,262,0
562,279,0
10,564,0
658,1338,0
596,1275,0
420,710,0
60,247,0
251,1269,0
533,29,0
153,45,0
478,1487,0
520,945,0
123,1158,0
499,417,0
181,544,0
646,987,0
126,1247,0
166,516,0
371,105,0
541,1222,0
104,448,0
378,642,0
370,31,0
176,154,0
152,1260,0
130,397,0
472,1359,0
136,896,0
357,1467,0
550,119,0
154,597,0
244,1312,0
361,380,0
652,255,0
194,1404,0
268,40,0
702,1419,0
77,1009,0
288,380,0
575,928,0
32,332,0
117,880,0
198,754,0
536,1359,0
27,1440,0
315,516,0
223,1489,0
15,1246,0
179,1248,0
19,1038,0
60,128,0
218,1038,0
197,858,0
6,261,0
578,1339,0
157,991,0
660,1215,0
45,729,0
46,594,0
329,832,0
630,978,0
283,783,0
481,177,0
191,938,0
694,1196,0
427,144,0
141,1463,0
206,621,0
554,1191,0
59,1151,0
34,963,0
660,775,0
102,106,0
283,1148,0
137,232,0
543,65,0
326,1376,0
376,1400,0
475,722,0
611,204,0
432,1103,0
378,969,0
20,1101,0
337,844,0
515,434,0
641,999,0
396,629,0
557,548,0
448,1239,0
209,872,0
601,257,0
549,1090,0
567,507,0
702,716,0
333,1184,0
419,201,0
270,1073,0
385,1496,0
701,876,0
519,333,0
200,1232,0
706,312,0
618,1472,0
483,405,0
287,1408,0
192,927,0
340,1213,0
404,886,0
103,42,0
69,502,0
580,461,0
110,646,0
515,592,0
136,908,0
594,343,0
662,210,0
81,545,0
438,1288,0
14,488,0
506,359,0
91,365,0
149,107,0
448,823,0
79,1065,0
703,292,0
143,2,0
277,292,0
677,901,0
350,248,0
435,717,0
318,105,0
144,1158,0
55,510,0
588,833,0
423,82,0
409,820,0
239,1205,0
508,888,0
366,428,0
284,1505,0
704,532,0
549,337,0
353,811,0
683,424,0
513,238,0
279,572,0
142,803,0
162,628,0
280,750,0
621,1372,0
357,1398,0
311,771,0
120,1381,0
457,831,0
194,356,0
562,598,0
439,247,0
512,286,0
648,599,0
471,485,0
658,866,0
295,1021,0
53,1131,0
439,1285,0
538,1453,0
459,493,0
5,574,0
239,580,0
174,1313,0
666,1308,0
164,258,0
683,107,0
137,473,0
242,1205,0
564,378,0
201,892,0
126,360,0
389,1485,0
628,1326,0
285,1261,0
383,843,0
571,869,0
120,25,0
593,921,0
545,578,0
180,1453,0
567,907,0
118,118,0
202,506,0
243,870,0
204,411,0
56,1308,0
98,1088,0
668,126,0
211,1004,0
547,1166,0
482,473,0
650,386,0
148,191,0
192,724,0
436,1174,0
549,1127,0
1,1009,0
411,774,0
638,850,0
78,1036,0
109,1131,0
233,521,0
361,153,0
561,1023,0
373,405,0
520,551,0
485,794,0
375,751,0
210,348,0
675,1006,0
658,533,0
600,758,0
421,1359,0
254,41,0
374,516,0
684,426,0
613,963,0
597,544,0
469,328,0
339,356,0
538,611,0
587,547,0
131,1101,0
71,941,0
631,730,0
6,646,0
275,1314,0
199,879,0
123,939,0
147,770,0
347,1217,0
541,201,0
624,18,0
251,752,0
577,535,0
365,1215,0
611,1088,0
327,296,0
338,713,0
433,176,0
291,333,0
622,514,0
354,174,0
243,1289,0
37,98,0
278,336,0
564,934,0
315,1424,0
180,318,0
525,116,0
205,24,0
564,334,0
618,468,0
647,1163,0
63,628,0
254,510,0
37,732,0
570,714,0
96,715,0
132,407,0
676,198,0
31,755,0
402,24,0
593,1136,0
160,348,0
624,51,0
78,350,0
395,468,0
128,128,0
667,1261,0
298,32,0
460,503,0
116,329,0
251,453,0
257,1345,0
482,1350,0
505,851,0
695,462,0
56,560,0
613,1117,0
220,555,0
641,1180,0
182,1416,0
413,1211,0
196,899,0
310,1434,0
198,155,0
39,954,0
540,1226,0
10,1059,0
566,895,0
616,226,0
500,828,0
419,1365,0
127,1156,0
503,140,0
296,1022,0
461,717,0
95,847,0
422,242,0
562,935,0
323,1048,0
515,1153,0
527,468,0
55,485,0
337,1210,0
274,130,0
554,1295,0
639,496,0
459,177,0
6,891,0
534,340,0
68,32,0
181,510,0
679,1378,0
512,38,0
178,420,0
90,793,0
288,566,0
496,1439,0
391,653,0
528,1015,0
155,1354,0
478,830,0
332,142,0
291,181,0
695,791,0
380,1185,0
406,1118,0
35,763,0
319,221,0
500,498,0
382,1478,0
291,316,0
201,5,0
94,898,0
453,864,0
456,846,0
475,149,0
635,1077,0
145,293,0
111,283,0
37,582,0
419,687,0
381,608,0
449,1077,0
261,13,0
69,964,0
443,663,0
578,621,0
477,748,0
133,849,0
587,636,0
301,943,0
86,82,0
104,890,0
361,771,0
668,1455,0
578,353,0
478,937,0
647,517,0
593,1270,0
550,1404,0
643,864,0
71,61,0
431,654,0
170,668,0
221,1256,0
701,1300,0
38,527,0
139,663,0
705,375,0
173,1384,0
220,326,0
122,1495,0
14,1244,0
368,910,0
243,982,0
298,532,0
115,1003,0
370,772,0
351,1430,0
393,1019,0
459,12,0
640,431,0
198,842,0
309,337,0
601,694,0
257,831,0
583,1231,0
75,1219,0
302,1410,0
54,1244,0
341,1390,0
439,778,0
373,532,0
509,28,0
697,632,0
387,1254,0
471,132,0
610,200,0
281,618,0
54,268,0
390,668,0
201,393,0
562,345,0
371,926,0
703,1032,0
570,1152,0
105,1445,0
238,940,0
333,211,0
590,1213,0
18,844,0
490,1510,0
93,157,0
462,221,0
690,861,0
462,599,0
203,982,0
544,205,0
398,258,0
242,840,0
236,1499,0
79,1272,0
273,269,0
625,703,0
130,1399,0
71,1368,0
422,198,0
288,248,0
130,1256,0
6,286,0
44,1283,0
438,1511,0
88,975,0
622,1199,0
345,455,0
302,149,0
131,176,0
279,1084,0
340,147,0
570,1452,0
366,1381,0
0,1287,0
299,60,0
253,901,0
374,860,0
584,783,0
73,298,0
213,256,0
27,620,0
300,532,0
303,721,0
163,10,0
656,681,0
505,771,0
95,184,0
700,523,0
397,15,0
566,485,0
313,1044,0
232,1302,0
602,172,0
479,909,0
235,656,0
392,376,0
75,71,0
379,1440,0
649,561,0
139,1255,0
555,1042,0
7,1053,0
542,603,0
365,1178,0
676,686,0
555,1231,0
75,680,0
698,261,0
293,415,0
158,256,0
656,899,0
611,2,0
668,754,0
520,1020,0
341,934,0
398,46,0
225,1226,0
648,1361,0
134,322,0
193,507,0
0,618,0
659,1478,0
501,756,0
385,319,0
220,541,0
243,1182,0
232,837,0
55,623,0
41,632,0
584,1029,0
602,357,0
430,456,0
523,1072,0
109,389,0
402,320,0
219,1147,0
201,22,0
309,648,0
130,1050,0
603,6,0
645,691,0
65,1048,0
644,339,0
376,962,0
531,1476,0
496,12,0
244,1379,0
31,1504,0
705,143,0
241,1249,0
60,686,0
340,834,0
166,1411,0
134,1185,0
381,833,0
37,646,0
579,1455,0
32,775,0
350,719,0
345,810,0
340,522,0
362,1184,0
141,636,0
650,73,0
250,608,0
350,242,0
502,1159,0
145,397,0
249,649,0
629,1190,0
38,677,0
427,1310,0
450,826,0
687,160,0
452,1021,0
28,1255,0
128,1392,0
416,1291,0
427,874,0
115,1183,0
644,828,0
169,1025,0
373,609,0
573,210,0
325,949,0
205,673,0
446,710,0
415,248,0
385,1010,0
306,927,0
632,901,0
387,50,0
218,801,0
338,1180,0
501,1221,0
14,1010,0
381,1258,0
101,637,0
349,4,0
280,174,0
677,1486,0
576,235,0
599,1095,0
267,791,0
444,1108,0
357,1403,0
626,484,0
382,22,0
681,1277,0
43,19,0
573,1452,0
491,1403,0
408,1129,0
385,218,0
670,818,0
663,467,0
256,698,0
567,550,0
320,139,0
513,765,0
284,586,0
372,433,0
224,1404,0
440,1151,0
427,1378,0
328,993,0
4,1319,0
168,935,0
28,844,0
518,1440,0
198,1077,0
583,609,0
488,1216,0
460,191,0
580,416,0
646,238,0
7,361,0
615,1204,0
4,1398,0
493,436,0
39,1504,0
144,1101,0
509,605,0
427,1468,0
556,584,0
544,1225,0
582,582,0
13,1229,0
534,44,0
148,502,0
589,291,0
13,581,0
23,972,0
452,476,0
40,905,0
67,868,0
595,1008,0
702,1015,0
652,1073,0
76,691,0
373,899,0
586,872,0
565,664,0
178,382,0
514,1080,0
578,556,0
220,275,0
107,577,0
659,1336,0
614,641,0
55,841,0
300,724,0
458,438,0
697,12,0
75,900,0
28,15,0
302,995,0
358,534,0
603,185,0
698,639,0
190,378,0
14,1422,0
296,1496,0
567,470,0
588,480,0
36,1289,0
479,78,0
25,961,0
411,113,0
151,138,0
304,827,0
459,986,0
271,427,0
181,335,0
489,214,0
558,1351,0
398,985,0
661,459,0
399,837,0
640,1121,0
40,191,0
54,496,0
600,1322,0
545,550,0
226,38,0
543,958,0
260,747,0
459,1373,0
59,1311,0
697,600,0
541,90,0
510,150,0
530,773,0
298,1261,0
162,260,0
690,1475,0
122,646,0
465,919,0
537,33,0
498,28,0
229,122,0
198,1484,0
313,822,0
318,97,0
301,1329,0
365,388,0
17,1148,0
601,979,0
427,1284,0
364,1275,0
295,1303,0
156,1063,0
10,1311,0
15,1306,0
177,1413,0
304,854,0
500,1468,0
498,318,0
64,411,0
404,865,0
52,346,0
362,1000,0
495,329,0
230,1451,0
645,1139,0
357,1337,0
233,1035,0
506,1204,0
592,1056,0
597,666,0
539,99,0
179,382,0
139,1302,0
300,971,0
493,575,0
586,847,0
360,665,0
391,470,0
475,1496,0
202,430,0
89,994,0
217,1370,0
658,789,0
456,136,0
406,1095,0
619,177,0
694,251,0
117,110,0
516,1291,0
311,1225,0
314,1317,0
182,151,0
116,1437,0
38,96,0
74,556,0
423,93,0
504,677,0
73,1258,0
624,737,0
197,833,0
101,1311,0
70,753,0
704,247,0
657,1159,0
220,819,0
343,1406,0
405,501,0
673,589,0
198,286,0
119,132,0
193,1199,0
356,958,0
101,1171,0
252,419,0
321,892,0
459,196,0
608,281,0
98,940,0
405,25,0
356,259,0
619,833,0
165,802,0
608,141,0
400,46,0
248,220,0
364,503,0
17,370,0
289,182,0
306,574,0
110,1275,0
174,968,0
409,440,0
136,741,0
429,1109,0
168,51,0
545,440,0
613,402,0
335,209,0
655,1,0
321,128,0
702,1205,0
530,13,0
158,434,0
97,1382,0
537,726,0
280,1480,0
251,1306,0
329,624,0
411,907,0
119,997,0
547,1159,0
164,940,0
150,1393,0
268,835,0
475,185,0
10,319,0
36,75,0
295,1015,0
85,801,0
440,908,0
524,1214,0
540,765,0
657,76,0
220,775,0
10,103,0
387,528,0
131,1144,0
131,721,0
672,1351,0
242,706,0
178,1073,0
300,1317,0
560,1240,0
432,750,0
84,178,0
440,948,0
648,1046,0
0,999,0
493,1150,0
228,1438,0
251,1291,0
125,37,0
252,813,0
235,307,0
90,1030,0
525,1140,0
159,684,0
557,1066,0
380,560,0
645,1336,0
266,911,0
656,252,0
205,550,0
453,584,0
302,459,0
591,120,0
52,26,0
334,656,0
203,1160,0
672,14,0
482,643,0
424,506,0
192,770,0
483,186,0
311,868,0
216,55,0
625,5,0
307,1500,0
707,734,0
144,1451,0
629,533,0
590,617,0
388,1245,0
538,44,0
677,702,0
644,498,0
170,1111,0
518,1255,0
366,159,0
230,635,0
198,905,0
12,528,0
238,1309,0
232,691,0
189,338,0
218,774,0
300,307,0
373,1160,0
0,1500,0
300,49,0
667,410,0
671,931,0
656,1128,0
312,46,0
513,488,0
2,554,0
522,1021,0
705,499,0
623,494,0
627,119,0
552,1009,0
488,164,0
682,896,0
505,1187,0
591,122,0
453,364,0
82,704,0
572,568,0
66,727,0
81,1087,0
242,563,0
325,15,0
333,769,0
577,540,0
253,714,0
302,1483,0
21,820,0
632,332,0
24,551,0
105,1332,0
483,461,0
578,421,0
653,1034,0
451,257,0
174,1305,0
279,1061,0
189,1222,0
109,482,0
49,82,0
662,1368,0
418,624,0
400,425,0
152,532,0
99,1423,0
625,501,0
436,109,0
658,952,0
569,1482,0
144,942,0
367,191,0
226,785,0
478,977,0
503,894,0
291,194,0
428,93,0
216,1442,0
46,323,0
672,1092,0
143,419,0
10,1171,0
322,811,0
302,588,0
441,1497,0
609,463,0
703,761,0
424,714,0
253,988,0
114,1394,0
339,227,0
286,960,0
185,1243,0
553,1121,0
463,1198,0
407,638,0
688,344,0
497,706,0
622,622,0
586,785,0
457,1368,0
205,1502,0
367,184,0
486,227,0
11,1042,0
667,419,0
280,1355,0
545,526,0
149,518,0
94,1319,0
480,296,0
436,402,0
215,1271,0
550,703,0
398,361,0
363,76,0
642,1397,0
534,28,0
625,22,0
317,463,0
276,81,0
493,286,0
700,1302,0
517,647,0
181,450,0
477,1285,0
308,745,0
542,160,0
347,1027,0
214,905,0
182,1441,0
334,477,0
343,1050,0
483,114,0
461,749,0
9,29,0
249,508,0
612,589,0
273,1010,0
591,1063,0
683,1040,0
158,311,0
427,682,0
300,633,0
245,885,0
25,756,0
516,249,0
593,684,0
699,994,0
315,472,0
675,1420,0
272,526,0
88,718,0
376,492,0
277,246,0
670,398,0
87,528,0
575,1293,0
458,1094,0
469,558,0
208,805,0
58,372,0
104,963,0
555,656,0
376,1082,0
67,1326,0
477,136,0
85,1161,0
271,1298,0
76,907,0
653,107,0
97,419,0
368,489,0
525,847,0
349,274,0
566,1016,0
27,547,0
459,325,0
603,1064,0
541,987,0
285,213,0
601,529,0
544,39,0
273,999,0
13,530,0
42,117,0
89,1094,0
430,285,0
642,994,0
626,677,0
365,996,0
20,850,0
292,1278,0
445,1480,0
191,273,0
699,862,0
465,251,0
372,538,0
569,351,0
312,93,0
149,859,0
167,1026,0
88,373,0
385,96,0
204,612,0
177,860,0
446,326,0
523,1346,0
2,79,0
404,145,0
164,425,0
55,1311,0
337,455,0
654,914,0
255,1419,0
693,1183,0
678,1063,0
378,500,0
385,1411,0
26,668,0
193,918,0
107,1051,0
260,630,0
392,710,0
181,1186,0
465,1066,0
620,760,0
158,914,0
329,721,0
440,576,0
504,861,0
421,226,0
387,1122,0
226,373,0
67,826,0
336,281,0
445,1021,0
369,951,0
438,1253,0
373,746,0
330,457,0
39,347,0
183,1435,0
569,806,0
58,1039,0
179,1021,0
39,237,0
507,945,0
175,438,0
445,1066,0
676,1427,0
575,656,0
338,109,0
278,608,0
614,59,0
419,1454,0
296,1326,0
192,960,0
131,1009,0
380,94,0
376,463,0
255,1203,0
361,1385,0
78,1170,0
456,960,0
607,284,0
351,1435,0
633,1226,0
700,43,0
314,1027,0
560,1108,0
213,752,0
685,741,0
293,218,0
201,470,0
567,847,0
234,1134,0
530,591,0
310,367,0
265,1503,0
398,575,0
324,974,0
312,64,0
343,1074,0
306,855,0
686,1439,0
476,799,0
51,1338,0
389,873,0
508,1072,0
421,1458,0
112,87,0
678,1075,0
368,149,0
195,1324,0
638,1405,0
92,1022,0
214,130,0
193,662,0
446,1315,0
215,177,0
679,1198,0
18,497,0
192,435,0
128,973,0
657,1125,0
581,831,0
467,733,0
465,321,0
626,882,0
582,185,0
667,336,0
436,1077,0
464,438,0
250,458,0
271,1375,0
13,1143,0
273,266,0
541,477,0
25,1296,0
170,1029,0
130,1001,0
698,589,0
595,1096,0
51,1337,0
388,155,0
516,622,0
89,1137,0
1,760,0
180,323,0
454,1375,0
38,1216,0
629,1065,0
361,684,0
86,1430,0
492,565,0
292,920,0
308,1206,0
151,501,0
283,1357,0
0,689,0
22,629,0
255,1339,0
162,1511,0
5,2,0
201,847,0
201,883,0
391,504,0
172,1500,0
632,663,0
596,1187,0
23,542,0
94,702,0
465,61,0
393,1016,0
584,1199,0
217,894,0
252,74,0
422,749,0
323,459,0
694,14,0
218,472,0
486,390,0
571,801,0
509,876,0
667,341,0
571,1202,0
252,1441,0
347,1317,0
343,1079,0
372,197,0
412,1063,0
641,378,0
304,599,0
419,347,0
471,965,0
105,317,0
202,244,0
94,1464,0
495,915,0
160,1283,0
507,1112,0
684,691,0
137,837,0
128,795,0
91,1075,0
279,1263,0
365,200,0
19,1240,0
148,497,0
494,1048,0
474,34,0
586,1419,0
346,755,0
15,599,0
56,292,0
618,278,0
326,1015,0
661,228,0
221,1414,0
375,221,0
10,751,0
546,735,0
402,600,0
704,626,0
268,897,0
2,342,0
64,603,0
119,541,0
71,648,0
177,764,0
352,1265,0
482,618,0
258,1356,0
175,1016,0
619,899,0
160,295,0
0,912,0
75,1060,0
527,168,0
99,388,0
106,602,0
380,146,0
375,205,0
519,1191,0
76,288,0
532,39,0
284,1485,0
1,1003,0
116,746,0
565,1035,0
58,1328,0
36,192,0
211,1052,0
279,1068,0
218,1033,0
631,1076,0
376,1115,0
84,806,0
93,1067,0
466,728,0
575,1406,0
305,433,0
98,210,0
325,1492,0
654,535,0
651,650,0
256,181,0
311,447,0
686,227,0
48,798,0
52,1409,0
83,1144,0
239,929,0
334,315,0
394,823,0
527,1198,0
681,766,0
368,1108,0
495,833,0
237,1169,0
688,1265,0
364,121,0
396,851,0
145,35,0
209,77,0
52,345,0
233,1425,0
278,1365,0
331,1366,0
532,1021,0
376,960,0
443,352,0
369,567,0
601,1442,0
240,1108,0
554,703,0
36,1423,0
292,373,0
622,942,0
277,1322,0
560,382,0
91,1336,0
395,819,0
361,1311,0
8,137,0
348,217,0
306,1193,0
486,491,0
477,331,0
16,1409,0
483,1400,0
681,409,0
341,933,0
600,1213,0
126,1436,0
94,789,0
214,173,0
468,1489,0
45,65,0
151,1214,0
25,346,0
139,256,0
639,341,0
666,1097,0
638,629,0
284,1269,0
167,912,0
71,527,0
685,1060,0
701,646,0
500,39,0
686,7,0
538,89,0
493,1162,0
347,1481,0
268,161,0
636,702,0
501,699,0
111,19,0
618,13,0
79,297,0
373,754,0
2,300,0
140,1503,0
323,733,0
488,990,0
200,1038,0
102,683,0
140,360,0
520,1066,0
435,1258,0
174,116,0
272,403,0
285,406,0
689,808,0
280,271,0
217,252,0
13,562,0
409,958,0
352,1138,0
211,1067,0
293,1327,0
674,506,0
427,710,0
343,188,0
406,524,0
80,234,0
693,1114,0
524,308,0
562,431,0
206,811,0
647,1317,0
609,124,0
368,255,0
312,1263,0
494,1400,0
371,406,0
343,988,0
687,1272,0
415,933,0
527,817,0
613,321,0
354,870,0
315,402,0
262,23,0
226,758,0
500,54,0
207,1207,0
657,397,0
374,563,0
17,92,0
329,1123,0
241,437,0
106,554,0
537,634,0
243,673,0
11,1272,0
482,1046,0
583,1114,0
103,478,0
90,1486,0
548,25,0
202,1251,0
228,1088,0
655,1374,0
331,1469,0
116,573,0
104,703,0
20,660,0
615,872,0
674,293,0
324,380,0
8,178,0
655,974,0
212,757,0
235,547,0
392,290,0
215,764,0
131,160,0
318,262,0
369,391,0
164,228,0
95,1033,0
316,1308,0
272,628,0
120,1501,0
48,1275,0
372,1055,0
531,582,0
115,441,0
542,396,0
518,892,0
551,1040,0
702,1107,0
491,372,0
614,1358,0
315,132,0
382,1239,0
459,954,0
109,1235,0
527,356,0
204,506,0
590,1170,0
464,976,0
435,428,0
296,790,0
350,760,0
224,766,0
416,1343,0
500,1298,0
389,864,0
501,488,0
378,1367,0
329,1501,0
589,772,0
209,1034,0
40,337,0
425,672,0
88,901,0
14,390,0
219,1349,0
620,579,0
278,1201,0
687,1501,0
403,581,0
164,433,0
166,1363,0
324,507,0
612,437,0
624,379,0
276,131,0
2,589,0
448,988,0
171,600,0
276,334,0
194,638,0
465,1173,0
604,611,0
304,1164,0
439,512,0
582,234,0
488,1220,0
457,300,0
49,1250,0
146,377,0
326,381,0
490,1402,0
613,722,0
62,95,0
302,984,0
494,591,0
548,280,0
342,802,0
126,659,0
28,96,0
276,114,0
578,894,0
608,1397,0
284,578,0
559,1158,0
220,312,0
219,962,0
452,1150,0
178,123,0
380,247,0
370,1009,0
304,302,0
612,974,0
241,315,0
189,261,0
461,1124,0
445,237,0
189,303,0
475,1406,0
289,294,0
86,311,0
705,26,0
89,1011,0
433,15,0
244,574,0
610,687,0
367,1367,0
231,1276,0
4,1066,0
150,491,0
305,140,0
528,28,0
310,628,0
479,838,0
351,293,0
611,18,0
614,795,0
260,980,0
563,196,0
200,375,0
314,1424,0
693,1,0
248,1475,0
167,1141,0
415,89,0
189,503,0
646,275,0
109,943,0
651,1032,0
216,481,0
156,1068,0
655,144,0
90,596,0
697,538,0
276,79,0
420,19,0
298,1156,0
635,1467,0
118,137,0
134,1069,0
602,363,0
663,1065,0
382,668,0
621,679,0
70,1084,0
343,471,0
284,138,0
604,1336,0
556,395,0
695,468,0
668,956,0
324,780,0
486,1199,0
389,906,0
215,997,0
208,617,0
345,1337,0
252,1485,0
38,105,0
184,884,0
91,594,0
531,635,0
316,700,0
336,693,0
645,534,0
442,805,0
600,112,0
40,127,0
505,722,0
20,543,0
181,117,0
293,26,0
544,216,0
67,535,0
39,536,0
226,65,0
637,136,0
649,816,0
615,325,0
259,1383,0
675,1013,0
582,1078,0
202,90,0
623,293,0
516,1092,0
245,369,0
99,437,0
300,762,0
221,989,0
285,1367,0
316,264,0
470,970,0
129,643,0
183,364,0
81,1416,0
18,1452,0
357,341,0
602,1439,0
144,1379,0
363,544,0
178,955,0
330,170,0
203,275,0
517,1387,0
283,435,0
198,504,0
438,1228,0
354,1293,0
70,1244,0
476,470,0
5,1460,0
486,453,0
239,143,0
54,945,0
584,717,0
508,208,0
59,1097,0
487,227,0
383,247,0
614,221,0
315,868,0
159,743,0
178,633,0
317,291,0
572,281,0
276,967,0
84,76,0
49,1394,0
213,754,0
24,1239,0
102,1138,0
249,1436,0
660,829,0
295,1411,0
3,141,0
489,1419,0
352,153,0
362,1260,0
553,371,0
495,1440,0
323,783,0
45,475,0
393,961,0
320,1072,0
665,674,0
492,1154,0
82,1088,0
449,1149,0
430,1368,0
415,1485,0
389,173,0
605,1137,0
346,892,0
367,594,0
605,1153,0
416,163,0
697,859,0
480,952,0
257,1146,0
568,96,0
216,1338,0
32,499,0
262,690,0
301,430,0
484,375,0
253,893,0
213,330,0
288,1186,0
305,891,0
609,133,0
454,1200,0
289,490,0
230,381,0
463,1090,0
588,77,0
49,686,0
398,839,0
152,153,0
377,34,0
651,944,0
697,15,0
173,1165,0
24,796,0
343,444,0
564,449,0
257,286,0
208,944,0
19,58,0
379,675,0
116,1194,0
263,822,0
174,294,0
627,739,0
149,433,0
700,1057,0
328,759,0
431,567,0
287,1095,0
568,74,0
50,1125,0
238,284,0
278,933,0
317,1310,0
191,1216,0
451,1203,0
116,48,0
676,72,0
279,953,0
331,502,0
481,535,0
498,1476,0
368,684,0
641,283,0
179,792,0
384,140,0
241,729,0
510,1443,0
620,1310,0
550,1145,0
21,1060,0
278,480,0
569,1121,0
584,1439,0
228,117,0
704,725,0
145,908,0
12,1133,0
646,6,0
674,861,0
512,1492,0
303,1428,0
197,529,0
415,748,0
388,476,0
17,416,0
430,622,0
654,864,0
267,489,0
144,5,0
499,634,0
16,401,0
365,838,0
152,488,0
412,588,0
469,594,0
554,1485,0
643,11,0
622,1082,0
280,1345,0
281,1401,0
467,902,0
216,1408,0
24,638,0
199,489,0
637,872,0
126,22,0
47,395,0
630,121,0
303,500,0
266,614,0
570,687,0
481,607,0
595,1437,0
406,1088,0
145,912,0
650,1051,0
511,182,0
347,84,0
166,61,0
226,107,0
359,795,0
253,561,0
493,1504,0
586,263,0
597,1326,0
343,491,0
45,1355,0
257,180,0
295,1296,0
454,615,0
378,659,0
196,1508,0
403,1425,0
534,981,0
683,500,0
339,216,0
632,1240,0
678,660,0
6,455,0
707,45,0
294,389,0
489,279,0
201,356,0
192,785,0
447,452,0
438,426,0
683,852,0
150,302,0
367,1017,0
76,1010,0
158,607,0
315,1003,0
542,416,0
553,1460,0
300,1275,0
172,89,0
58,1467,0
538,269,0
642,754,0
63,700,0
494,653,0
345,1220,0
297,1117,0
381,208,0
579,1,0
660,1244,0
268,962,0
55,1086,0
178,1031,0
492,889,0
324,1497,0
415,980,0
126,746,0
670,966,0
321,388,0
326,1511,0
405,325,0
614,497,0
446,1451,0
288,563,0
417,1511,0
463,162,0
395,387,0
11,481,0
142,879,0
342,1286,0
506,1323,0
21,1459,0
509,597,0
220,564,0
12,1247,0
391,282,0
364,440,0
662,875,0
145,1028,0
460,61,0
393,1291,0
555,374,0
538,152,0
98,236,0
470,821,0
498,1424,0
670,466,0
476,662,0
403,1450,0
161,696,0
90,319,0
706,1088,0
35,963,0
161,1096,0
394,687,0
131,1124,0
639,202,0
230,127,0
322,807,0
606,567,0
394,1122,0
257,899,0
111,311,0
203,999,0
380,674,0
272,489,0
242,1363,0
72,369,0
534,197,0
508,562,0
614,77,0
503,803,0
511,746,0
446,1261,0
516,1336,0
160,1395,0
461,407,0
570,418,0
594,968,0
134,626,0
643,1043,0
229,1436,0
273,1285,0
267,1447,0
346,216,0
698,1444,0
633,102,0
235,1321,0
703,742,0
426,681,0
419,1444,0
534,851,0
404,542,0
368,1031,0
639,318,0
383,369,0
116,1049,0
51,134,0
398,647,0
569,335,0
415,1461,0
240,159,0
138,1113,0
673,1496,0
441,511,0
400,1206,0
494,486,0
684,1172,0
384,1142,0
367,459,0
663,851,0
644,697,0
558,85,0
273,1344,0
644,199,0
517,731,0
542,777,0
593,509,0
356,1113,0
200,1013,0
627,110,0
63,666,0
465,434,0
353,1501,0
375,759,0
203,310,0
586,1476,0
300,1174,0
209,738,0
494,779,0
408,194,0
99,1429,0
349,1460,0
4,84,0
668,939,0
363,1170,0
175,688,0
604,853,0
93,493,0
426,900,0
88,1406,0
276,382,0
700,845,0
364,702,0
697,155,0
567,923,0
626,675,0
631,489,0
144,768,0
250,1083,0
301,1075,0
511,925,0
87,790,0
245,1006,0
253,1076,0
554,1049,0
411,140,0
396,1370,0
517,871,0
183,116,0
644,1326,0
668,1091,0
76,1197,0
75,92,0
14,474,0
73,360,0
654,380,0
47,1189,0
445,753,0
430,599,0
83,1126,0
555,750,0
666,501,0
426,151,0
342,799,0
192,1288,0
356,843,0
593,1309,0
23,767,0
698,989,0
99,682,0
515,757,0
398,718,0
619,716,0
365,574,0
691,234,0
325,631,0
154,443,0
187,909,0
322,1002,0
611,1216,0
495,122,0
385,138,0
280,629,0
442,575,0
17,40,0
577,727,0
126,486,0
509,912,0
480,1017,0
329,882,0
591,1241,0
54,857,0
460,496,0
434,1039,0
627,1389,0
46,506,0
169,129,0
467,1256,0
349,144,0
226,196,0
97,238,0
82,1234,0
32,502,0
321,961,0
300,1373,0
52,676,0
197,334,0
287,457,0
681,948,0
647,578,0
418,930,0
59,886,0
84,288,0
612,516,0
680,1210,0
148,1348,0
425,786,0
647,503,0
399,125,0
549,691,0
457,924,0
157,1263,0
175,240,0
227,357,0
502,338,0
57,118,0
529,696,0
568,220,0
491,1471,0
133,175,0
491,861,0
704,942,0
348,862,0
25,698,0
563,59,0
591,415,0
250,817,0
651,240,0
561,176,0
380,1377,0
529,930,0
693,481,0
156,847,0
484,642,0
151,1454,0
652,157,0
1,690,0
639,1244,0
349,1059,0
690,1334,0
482,362,0
380,438,0
330,739,0
600,1153,0
229,783,0
609,201,0
569,795,0
627,389,0
311,1214,0
702,1289,0
470,186,0
202,1387,0
112,226,0
497,768,0
354,1115,0
44,73,0
179,40,0
448,648,0
439,242,0
702,1503,0
198,1017,0
166,964,0
585,930,0
306,1464,0
581,360,0
315,921,0
590,483,0
345,550,0
57,1101,0
201,1386,0
53,375,0
408,613,0
648,720,0
365,83,0
74,520,0
464,1207,0
594,824,0
505,1231,0
446,607,0
243,589,0
296,175,0
647,1071,0
114,9,0
65,421,0
140,29,0
527,1011,0
552,650,0
59,714,0
655,1481,0
153,636,0
258,1394,0
188,63,0
361,496,0
70,1167,0
172,586,0
27,694,0
148,850,0
536,1123,0
459,1032,0
42,503,0
405,171,0
277,325,0
624,222,0
381,125,0
4,415,0
451,544,0
70,1321,0
221,89,0
640,1010,0
571,21,0
625,99,0
300,1490,0
609,880,0
541,332,0
545,1056,0
443,217,0
398,221,0
31,1111,0
276,477,0
646,749,0
520,10,0
97,964,0
516,613,0
357,303,0
453,412,0
514,1137,0
678,100,0
119,303,0
298,969,0
695,124,0
77,342,0
124,1140,0
315,200,0
414,1490,0
139,623,0
516,44,0
531,716,0
693,959,0
346,344,0
528,539,0
393,75,0
294,173,0
276,502,0
164,739,0
637,380,0
411,743,0
589,1152,0
351,1445,0
519,219,0
403,852,0
378,262,0
153,643,0
323,1428,0
71,565,0
603,1256,0
227,1106,0
186,1068,0
630,876,0
310,1073,0
85,1356,0
131,748,0
544,662,0
21,459,0
430,987,0
265,615,0
390,1147,0
647,1467,0
514,460,0
7,583,0
60,39,0
503,1362,0
459,1335,0
565,566,0
668,1353,0
209,358,0
115,79,0
661,115,0
442,1495,0
165,425,0
278,275,0
2,7,0
405,1346,0
679,722,0
93,1443,0
202,871,0
111,646,0
594,1187,0
208,830,0
402,29,0
55,1045,0
34,30,0
593,838,0
277,1229,0
46,125,0
477,39,0
39,682,0
442,1406,0
201,502,0
193,1301,0
437,141,0
331,1291,0
638,684,0
686,668,0
189,104,0
500,83,0
658,177,0
700,1294,0
642,870,0
527,343,0
450,64,0
269,6,0
698,1063,0
426,465,0
124,1413,0
34,182,0
296,1493,0
431,441,0
165,518,0
239,595,0
549,1196,0
251,163,0
75,143,0
169,52,0
661,450,0
443,236,0
542,1262,0
140,1075,0
76,51,0
192,1022,0
558,106,0
244,202,0
359,296,0
181,1212,0
538,474,0
16,1414,0
384,1224,0
396,965,0
463,927,0
56,1301,0
414,1491,0
121,371,0
400,787,0
505,51,0
304,1216,0
251,898,0
554,839,0
570,1011,0
55,860,0
690,1066,0
670,928,0
295,141,0
425,818,0
412,1236,0
168,689,0
246,436,0
632,1216,0
205,1345,0
397,579,0
626,719,0
447,1215,0
175,651,0
102,976,0
386,332,0
46,923,0
229,864,0
178,585,0
400,789,0
404,634,0
38,725,0
555,86,0
580,242,0
259,1178,0
157,99,0
209,1022,0
304,315,0
208,1011,0
257,808,0
190,381,0
238,1429,0
273,1088,0
240,1462,0
554,658,0
581,1414,0
470,554,0
295,1508,0
19,178,0
169,807,0
296,257,0
573,368,0
582,622,0
27,1225,0
472,12,0
492,810,0
419,219,0
144,786,0
99,173,0
567,951,0
329,252,0
10,1479,0
49,1003,0
437,803,0
295,1458,0
136,379,0
52,35,0
47,41,0
365,1210,0
445,1407,0
161,1123,0
195,1056,0
694,1116,0
492,105,0
280,766,0
374,522,0
228,687,0
576,605,0
290,484,0
180,843,0
242,453,0
239,787,0
277,1285,0
612,888,0
697,785,0
449,1438,0
201,972,0
279,1295,0
33,1324,0
196,771,0
69,1433,0
208,1219,0
420,106,0
121,1058,0
429,1112,0
466,1364,0
445,890,0
216,1053,0
283,455,0
333,706,0
3,818,0
46,541,0
305,250,0
516,187,0
546,542,0
84,1355,0
386,1451,0
216,682,0
224,1241,0
257,11,0
486,583,0
197,26,0
227,1188,0
457,464,0
281,1070,0
622,1051,0
656,629,0
269,1420,0
515,198,0
658,972,0
343,330,0
570,1443,0
357,1267,0
542,327,0
544,437,0
100,579,0
400,1051,0
112,1415,0
451,1185,0
441,1420,0
593,798,0
476,109,0
545,899,0
2,585,0
402,421,0
588,420,0
638,250,0
256,376,0
666,744,0
108,1410,0
533,262,0
509,1097,0
673,1352,0
201,534,0
161,1049,0
206,1031,0
57,207,0
50,1161,0
56,921,0
682,894,0
418,102,0
318,1376,0
126,973,0
33,521,0
552,1199,0
360,881,0
127,363,0
14,132,0
548,413,0
70,103,0
305,910,0
58,1418,0
476,138,0
18,156,0
434,42,0
278,63,0
103,1509,0
362,496,0
176,582,0
317,818,0
610,1442,0
368,1462,0
607,604,0
658,391,0
89,1402,0
251,701,0
77,1199,0
575,364,0
179,1150,0
704,1477,0
511,1242,0
10,1189,0
337,485,0
510,145,0
126,699,0
101,1334,0
685,274,0
71,900,0
399,740,0
240,483,0
368,65,0
680,1251,0
561,259,0
616,375,0
490,1232,0
601,606,0
415,961,0
617,407,0
449,827,0
661,159,0
675,175,0
57,221,0
150,707,0
674,174,0
160,300,0
182,529,0
478,208,0
377,1171,0
280,924,0
309,1127,0
323,694,0
111,1240,0
395,1209,0
116,1417,0
174,412,0
462,1383,0
566,1077,0
702,167,0
214,1430,0
381,575,0
17,457,0
699,1489,0
400,109,0
577,156,0
419,90,0
505,471,0
265,568,0
188,715,0
21,419,0
221,1120,0
376,274,0
51,1168,0
660,803,0
373,590,0
226,1408,0
136,80,0
643,1028,0
634,1229,0
153,485,0
677,923,0
604,217,0
619,103,0
30,130,0
484,1209,0
478,904,0
570,1332,0
577,57,0
597,868,0
443,565,0
195,643,0
673,63,0
288,53,0
95,1377,0
142,195,0
550,533,0
151,1457,0
579,213,0
25,1451,0
542,244,0
518,463,0
697,1481,0
189,135,0
407,1213,0
110,899,0
307,195,0
581,833,0
226,448,0
261,899,0
351,393,0
556,1012,0
574,1030,0
562,737,0
304,1217,0
268,1042,0
573,155,0
297,499,0
567,1113,0
316,21,0
596,1506,0
426,243,0
660,1175,0
211,583,0
195,456,0
248,43,0
270,729,0
641,1176,0
16,1277,0
322,1210,0
527,1032,0
486,928,0
476,343,0
12,748,0
260,121,0
515,623,0
12,760,0
498,253,0
648,1115,0
233,940,0
74,608,0
495,236,0
640,539,0
660,142,0
707,11,0
508,1164,0
683,192,0
161,1028,0
160,482,0
685,1473,0
601,354,0
431,300,0
137,1060,0
470,664,0
237,216,0
272,472,0
468,1415,0
419,798,0
141,194,0
575,1286,0
626,1294,0
565,1327,0
173,496,0
671,6,0
40,1409,0
32,253,0
505,446,0
180,512,0
89,1231,0
667,630,0
296,883,0
40,329,0
120,1457,0
488,1087,0
71,741,0
329,1274,0
0,195,0
471,922,0
550,1187,0
626,246,0
694,654,0
25,894,0
707,1237,0
522,635,0
335,7,0
407,184,0
92,1,0
300,139,0
682,1106,0
429,210,0
505,705,0
493,569,0
132,1402,0
470,745,0
283,468,0
481,803,0
566,1446,0
682,205,0
310,79,0
367,1459,0
316,634,0
66,877,0
658,105,0
446,1194,0
272,390,0
108,464,0
156,915,0
273,581,0
103,817,0
141,825,0
462,209,0
525,621,0
398,765,0
680,631,0
194,456,0
9,934,0
309,447,0
344,138,0
248,626,0
413,123,0
93,706,0
612,1364,0
279,441,0
647,241,0
484,1498,0
204,1278,0
194,259,0
285,849,0
658,270,0
153,920,0
245,668,0
38,663,0
542,678,0
613,1046,0
385,777,0
600,494,0
377,1130,0
586,81,0
172,1313,0
233,630,0
492,336,0
79,1434,0
280,1377,0
691,889,0
548,1209,0
223,919,0
543,113,0
368,906,0
196,1024,0
600,1365,0
700,1120,0
229,1357,0
10,676,0
98,913,0
427,1263,0
510,836,0
551,1187,0
637,720,0
628,1356,0
384,145,0
355,43,0
458,919,0
34,722,0
555,167,0
82,632,0
637,205,0
30,155,0
49,792,0
147,307,0
348,628,0
560,684,0
562,281,0
703,631,0
281,536,0
82,318,0
4,244,0
233,840,0
22,944,0
198,561,0
531,206,0
191,93,0
682,1349,0
8,951,0
181,222,0
69,845,0
505,3,0
601,912,0
55,752,0
662,475,0
669,703,0
232,2,0
235,1042,0
154,251,0
145,710,0
365,1494,0
469,994,0
202,482,0
156,481,0
143,448,0
428,932,0
106,255,0
578,1051,0
213,175,0
480,1276,0
261,805,0
494,1092,0
547,1355,0
573,47,0
458,940,0
515,1303,0
692,362,0
270,1443,0
36,458,0
462,845,0
191,1264,0
351,1352,0
510,885,0
485,945,0
513,1135,0
409,1387,0
347,331,0
537,1181,0
432,100,0
415,1386,0
125,1281,0
477,708,0
641,1487,0
114,858,0
578,247,0
689,1236,0
705,100,0
26,1003,0
630,1361,0
167,1217,0
323,308,0
86,656,0
358,453,0
321,414,0
390,1031,0
314,1237,0
68,6,0
473,961,0
40,522,0
423,825,0
653,827,0
222,239,0
318,781,0
395,1432,0
586,399,0
578,396,0
486,357,0
538,411,0
652,283,0
465,259,0
196,981,0
176,765,0
257,474,0
578,925,0
33,837,0
48,239,0
353,698,0
550,1027,0
359,1497,0
343,223,0
189,1065,0
156,10,0
510,1279,0
223,194,0
413,860,0
450,324,0
502,1229,0
281,1488,0
593,1432,0
548,1094,0
570,1012,0
659,989,0
276,1470,0
82,1406,0
181,1489,0
398,167,0
171,704,0
614,1038,0
561,596,0
238,541,0
260,444,0
263,1181,0
18,1031,0
236,999,0
276,1231,0
300,903,0
542,1118,0
528,330,0
294,410,0
24,680,0
402,1375,0
274,264,0
553,688,0
82,107,0
340,1138,0
292,436,0
170,992,0
514,1047,0
530,630,0
677,1354,0
80,1379,0
36,1144,0
365,527,0
480,846,0
472,1348,0
116,1040,0
1,103,0
390,1445,0
312,398,0
679,870,0
427,1365,0
379,1369,0
469,1450,0
160,915,0
684,963,0
93,87,0
210,410,0
141,310,0
538,1438,0
195,905,0
142,1143,0
452,1207,0
92,828,0
297,534,0
125,376,0
691,1302,0
190,747,0
609,104,0
39,1492,0
201,395,0
274,615,0
138,672,0
269,1030,0
384,726,0
81,1474,0
530,1057,0
391,535,0
316,1191,0
363,193,0
673,848,0
80,669,0
175,96,0
200,1198,0
568,473,0
521,874,0
698,617,0
152,741,0
200,740,0
358,1454,0
624,1334,0
276,533,0
547,434,0
247,1179,0
684,83,0
140,1286,0
703,22,0
428,1105,0
315,772,0
154,1409,0
330,202,0
305,1283,0
359,1130,0
264,310,0
560,1255,0
310,667,0
246,26,0
29,783,0
345,12,0
29,1320,0
333,1273,0
51,1095,0
542,1474,0
269,201,0
310,358,0
170,643,0
397,883,0
628,565,0
7,1046,0
684,597,0
524,978,0
386,313,0
239,640,0
313,132,0
625,842,0
488,34,0
128,222,0
99,656,0
117,694,0
332,878,0
472,1274,0
353,55,0
176,1379,0
298,123,0
535,592,0
86,600,0
277,795,0
541,326,0
567,1454,0
27,645,0
200,238,0
258,645,0
650,1443,0
456,683,0
329,213,0
449,795,0
84,1181,0
282,1210,0
292,1135,0
326,819,0
462,1296,0
152,742,0
307,214,0
688,636,0
166,887,0
451,409,0
703,750,0
334,1459,0
450,714,0
50,1295,0
551,1047,0
247,529,0
655,1266,0
699,1205,0
376,200,0
423,997,0
516,1143,0
437,164,0
593,165,0
663,1125,0
586,342,0
642,664,0
497,962,0
303,1137,0
188,700,0
419,1070,0
488,250,0
19,169,0
281,717,0
73,616,0
655,1050,0
100,1170,0
356,1089,0
345,1391,0
381,840,0
552,1252,0
188,557,0
471,436,0
342,884,0
564,1022,0
402,115,0
705,1092,0
369,439,0
84,903,0
61,126,0
364,710,0
306,14,0
570,1126,0
699,943,0
665,18,0
702,615,0
704,1407,0
60,100,0
519,1285,0
455,763,0
519,496,0
225,890,0
334,432,0
38,1094,0
462,1320,0
176,138,0
134,947,0
177,1255,0
417,1035,0
179,61,0
613,1072,0
214,1316,0
384,1084,0
198,1339,0
313,938,0
294,795,0
440,5,0
530,1022,0
623,471,0
610,472,0
411,88,0
399,574,0
641,357,0
384,1149,0
389,615,0
348,1225,0
533,883,0
576,63,0
265,713,0
132,746,0
265,555,0
0,1488,0
674,1311,0
456,1158,0
666,773,0
133,1052,0
134,603,0
329,1272,0
211,1390,0
635,673,0
264,126,0
599,777,0
589,682,0
469,961,0
623,96,0
366,646,0
197,1206,0
173,1103,0
698,1232,0
465,1447,0
675,1497,0
402,158,0
101,186,0
621,1509,0
268,1399,0
557,1295,0
585,523,0
16,490,0
295,796,0
79,168,0
616,681,0
393,64,0
216,1120,0
528,737,0
553,786,0
285,338,0
214,915,0
459,149,0
331,832,0
497,1279,0
73,166,0
326,49,0
203,859,0
46,540,0
223,1070,0
515,803,0
114,898,0
543,482,0
581,185,0
483,1109,0
675,860,0
407,192,0
197,711,0
249,303,0
589,563,0
392,48,0
90,1098,0
451,330,0
33,1069,0
377,583,0
690,822,0
397,1267,0
485,1341,0
76,591,0
43,1222,0
327,506,0
697,431,0
274,1101,0
600,1478,0
161,878,0
256,1270,0
652,124,0
434,1511,0
394,5,0
225,1479,0
450,188,0
667,1243,0
10,598,0
386,1242,0
426,434,0
496,792,0
167,1504,0
140,1149,0
646,382,0
389,1162,0
58,378,0
316,715,0
638,673,0
675,520,0
215,235,0
361,851,0
139,518,0
701,794,0
30,809,0
439,56,0
672,60,0
437,749,0
14,221,0
339,385,0
141,705,0
424,237,0
676,1033,0
215,815,0
267,477,0
460,448,0
617,619,0
448,55,0
182,219,0
338,462,0
327,799,0
319,201,0
574,760,0
701,341,0
528,269,0
162,147,0
615,1436,0
477,973,0
677,1101,0
123,685,0
591,909,0
649,1143,0
352,1281,0
543,247,0
147,623,0
234,524,0
344,1501,0
299,1224,0
309,263,0
409,1148,0
111,692,0
486,1022,0
146,1166,0
671,774,0
119,1078,0
154,849,0
311,1072,0
661,127,0
461,1201,0
121,1252,0
693,215,0
580,279,0
367,91,0
673,38,0
424,624,0
333,320,0
115,1319,0
34,901,0
238,1382,0
187,273,0
323,677,0
229,1491,0
497,1192,0
226,1066,0
484,1189,0
525,1412,0
641,1086,0
130,1353,0
270,350,0
386,1400,0
413,42,0
566,93,0
167,1062,0
52,276,0
548,1039,0
299,1360,0
542,1469,0
512,1338,0
253,166,0
80,1471,0
107,1087,0
337,873,0
580,653,0
139,206,0
505,449,0
495,472,0
694,618,0
473,707,0
92,346,0
499,637,0
539,105,0
56,220,0
243,1333,0
507,219,0
145,66,0
275,1034,0
110,1173,0
533,1150,0
638,710,0
693,803,0
187,1297,0
132,1154,0
662,524,0
614,639,0
374,1026,0
64,1509,0
64,316,0
221,151,0
158,266,0
271,292,0
28,416,0
114,880,0
415,1126,0
470,307,0
86,381,0
68,1256,0
94,1485,0
83,418,0
564,1112,0
202,280,0
695,1340,0
412,454,0
425,1066,0
643,1380,0
239,372,0
76,643,0
8,145,0
473,187,0
407,1449,0
454,1314,0
411,42,0
80,63,0
124,554,0
469,6,0
421,277,0
514,1113,0
619,1140,0
686,253,0
404,181,0
287,1097,0
446,752,0
27,1136,0
58,470,0
284,134,0
569,1217,0
151,712,0
654,274,0
138,1070,0
564,206,0
544,687,0
330,771,0
581,326,0
412,142,0
524,206,0
227,1307,0
652,1306,0
212,1037,0
302,449,0
663,1205,0
10,1265,0
603,1420,0
406,242,0
568,54,0
253,611,0
328,450,0
680,120,0
265,1389,0
226,267,0
410,683,0
569,48,0
479,1503,0
591,1234,0
561,120,0
133,1388,0
76,962,0
438,495,0
473,320,0
112,594,0
115,50,0
407,761,0
545,633,0
177,726,0
665,270,0
109,696,0
413,254,0
246,1151,0
678,1283,0
19,549,0
5,590,0
475,495,0
498,49,0
121,474,0
582,1233,0
217,1202,0
245,811,0
528,1328,0
46,644,0
408,422,0
464,331,0
125,97,0
241,3,0
117,553,0
265,1509,0
606,323,0
4,1090,0
259,1197,0
686,739,0
485,648,0
678,1382,0
379,1379,0
428,1196,0
361,1333,0
133,1099,0
541,98,0
387,1274,0
637,672,0
345,1118,0
155,237,0
247,328,0
178,853,0
636,1064,0
434,643,0
16,123,0
698,846,0
705,996,0
421,148,0
3,1233,0
39,1384,0
535,1045,0
433,828,0
445,656,0
487,1463,0
40,800,0
432,700,0
662,670,0
305,994,0
213,1460,0
123,22,0
389,1257,0
82,381,0
183,463,0
459,246,0
166,1013,0
75,406,0
570,717,0
299,1008,0
173,1144,0
288,971,0
138,509,0
19,1251,0
541,1155,0
154,428,0
472,500,0
655,899,0
332,897,0
476,199,0
514,244,0
72,623,0
475,319,0
412,961,0
214,1333,0
539,70,0
23,675,0
424,443,0
176,1078,0
210,1088,0
457,1408,0
68,857,0
31,222,0
343,110,0
41,796,0
56,254,0
8,1308,0
603,270,0
702,109,0
163,1369,0
673,521,0
682,958,0
148,1443,0
191,812,0
577,785,0
532,1466,0
225,1258,0
470,1295,0
392,868,0
266,726,0
453,884,0
390,1221,0
339,1392,0
235,215,0
636,1391,0
445,464,0
530,271,0
437,246,0
629,1067,0
162,886,0
340,597,0
99,239,0
259,129,0
67,1404,0
4,1291,0
121,1226,0
190,658,0
247,1292,0
107,74,0
675,1470,0
67,580,0
465,1199,0
509,1258,0
248,967,0
244,909,0
460,1044,0
655,977,0
422,870,0
485,1128,0
577,249,0
553,1372,0
76,1413,0
337,644,0
563,1436,0
28,84,0
491,610,0
672,1374,0
298,640,0
136,1454,0
671,234,0
634,53,0
87,983,0
580,1190,0
490,220,0
498,127,0
166,886,0
318,153,0
56,836,0
645,794,0
57,484,0
404,1321,0
123,747,0
465,161,0
341,1492,0
503,14,0
119,1412,0
491,145,0
53,1487,0
570,789,0
74,1140,0
559,90,0
153,937,0
227,154,0
692,77,0
611,616,0
494,73,0
484,58,0
661,1233,0
301,1397,0
246,1107,0
62,1465,0
401,1336,0
46,787,0
289,846,0
520,792,0
633,513,0
458,833,0
705,739,0
309,341,0
175,1307,0
421,1051,0
513,1319,0
82,1250,0
531,1462,0
575,988,0
328,331,0
410,1202,0
288,1355,0
145,392,0
517,1136,0
32,22,0
630,5,0
487,1394,0
151,1093,0
153,243,0
568,511,0
137,27,0
60,349,0
19,1155,0
118,262,0
337,1191,0
61,1301,0
690,1421,0
339,941,0
400,326,0
688,943,0
481,295,0
563,1353,0
239,1110,0
600,314,0
278,1114,0
599,455,0
551,92,0
139,1132,0
446,93,0
627,1041,0
412,578,0
306,16,0
482,497,0
95,821,0
707,875,0
633,1376,0
360,1261,0
376,23,0
145,253,0
554,569,0
646,894,0
410,658,0
574,1243,0
562,1454,0
653,580,0
453,652,0
96,1284,0
315,1042,0
271,1003,0
270,937,0
213,233,0
684,192,0
242,1442,0
613,1309,0
642,1452,0
372,66,0
499,579,0
332,724,0
60,634,0
270,1316,0
453,95,0
502,625,0
510,332,0
394,1233,0
598,150,0
580,1406,0
59,766,0
616,158,0
41,426,0
322,981,0
205,642,0
284,712,0
299,149,0
383,1242,0
311,844,0
71,519,0
260,1103,0
612,1045,0
246,477,0
18,46,0
682,409,0
509,78,0
487,109,0
350,908,0
535,928,0
680,1367,0
352,1459,0
410,1006,0
123,1047,0
39,972,0
434,238,0
386,37,0
167,1128,0
525,1416,0
458,674,0
33,1439,0
67,1428,0
239,576,0
206,110,0
575,1399,0
706,198,0
80,681,0
467,996,0
349,116,0
95,645,0
307,703,0
397,593,0
117,1251,0
649,1471,0
82,991,0
374,337,0
143,876,0
601,1380,0
224,1411,0
577,17,0
325,1098,0
621,1250,0
594,567,0
625,491,0
642,237,0
627,1052,0
238,1277,0
29,1436,0
422,153,0
543,1412,0
141,891,0
255,91,0
462,563,0
250,249,0
370,131,0
685,129,0
84,1453,0
260,252,0
14,1236,0
217,68,0
514,716,0
662,84,0
311,81,0
681,1079,0
55,1380,0
534,269,0
227,1265,0
77,135,0
111,562,0
530,1044,0
410,917,0
677,328,0
212,1028,0
571,291,0
163,956,0
670,472,0
582,452,0
135,78,0
329,1113,0
154,6,0
317,588,0
704,756,0
309,951,0
453,624,0
617,1195,0
314,393,0
664,1304,0
130,719,0
347,125,0
36,261,0
347,539,0
134,759,0
608,1492,0
43,1240,0
139,1165,0
515,440,0
609,1306,0
635,1314,0
662,119,0
121,1127,0
185,1202,0
68,984,0
696,570,0
95,1240,0
141,1387,0
375,1428,0
518,560,0
64,1223,0
384,789,0
368,118,0
681,471,0
386,1336,0
453,1492,0
384,861,0
528,1084,0
640,1507,0
340,1322,0
173,1097,0
121,336,0
63,1012,0
47,855,0
250,384,0
634,176,0
66,776,0
141,82,0
165,722,0
114,993,0
289,1131,0
498,616,0
242,1155,0
78,697,0
153,1483,0
391,569,0
600,208,0
695,141,0
576,596,0
608,650,0
81,773,0
654,184,0
528,817,0
425,1510,0
236,1149,0
111,725,0
29,975,0
597,40,0
430,700,0
291,748,0
492,227,0
615,126,0
451,1491,0
97,1043,0
627,225,0
146,1012,0
376,423,0
674,365,0
648,42,0
681,371,0
611,1460,0
668,1094,0
218,230,0
61,1468,0
322,413,0
452,1214,0
626,1060,0
556,140,0
614,1251,0
267,969,0
17,1045,0
508,85,0
468,30,0
137,784,0
516,1128,0
143,192,0
289,1419,0
525,1496,0
154,1463,0
421,1426,0
399,1035,0
611,1436,0
414,179,0
457,738,0
664,1136,0
140,1159,0
487,1380,0
245,282,0
369,417,0
583,176,0
90,230,0
531,413,0
29,370,0
383,837,0
290,927,0
480,995,0
195,112,0
539,396,0
248,33,0
457,115,0
310,1418,0
436,1300,0
69,806,0
466,33,0
455,577,0
223,1483,0
346,926,0
674,1110,0
329,1500,0
595,923,0
172,629,0
417,1264,0
274,696,0
53,769,0
64,1335,0
343,1142,0
434,731,0
252,242,0
200,1258,0
523,1411,0
484,579,0
176,944,0
33,291,0
502,1464,0
581,706,0
67,906,0
130,120,0
706,76,0
703,1056,0
223,890,0
34,843,0
621,98,0
326,1302,0
3,712,0
154,955,0
474,896,0
415,1065,0
347,551,0
447,19,0
24,628,0
216,1148,0
627,179,0
495,762,0
5,1239,0
416,1318,0
266,264,0
521,282,0
98,820,0
581,841,0
486,36,0
121,479,0
385,807,0
527,287,0
530,1355,0
417,1356,0
22,790,0
159,1256,0
431,28,0
117,273,0
583,124,0
545,805,0
548,953,0
553,776,0
297,617,0
14,329,0
528,1248,0
206,195,0
661,705,0
604,843,0
7,271,0
133,1143,0
64,15,0
451,311,0
136,6,0
92,551,0
232,638,0
56,599,0
57,1510,0
90,602,0
4,477,0
663,757,0
96,558,0
611,942,0
253,186,0
394,633,0
562,79,0
545,776,0
95,322,0
226,449,0
443,176,0
39,534,0
689,1102,0
583,1235,0
286,1050,0
152,691,0
620,613,0
513,766,0
570,1250,0
597,471,0
478,174,0
591,833,0
478,1204,0
644,1020,0
267,1396,0
386,663,0
144,705,0
704,764,0
614,1342,0
62,500,0
381,940,0
95,1298,0
471,811,0
174,494,0
530,60,0
26,1006,0
459,386,0
98,1443,0
211,184,0
401,599,0
324,958,0
13,732,0
389,862,0
544,1108,0
110,1137,0
401,843,0
633,43,0
631,714,0
228,549,0
25,439,0
410,198,0
348,739,0
625,532,0
274,914,0
350,927,0
284,1092,0
593,149,0
298,1075,0
201,510,0
471,784,0
622,1259,0
54,1041,0
285,666,0
150,1124,0
8,592,0
28,314,0
481,923,0
327,21,0
358,861,0
135,1017,0
440,799,0
494,1253,0
226,1483,0
153,1331,0
347,609,0
433,382,0
699,292,0
462,169,0
534,111,0
575,727,0
234,946,0
208,782,0
673,206,0
602,1034,0
334,2,0
577,163,0
233,334,0
231,763,0
141,630,0
637,940,0
145,967,0
591,1039,0
55,208,0
186,652,0
433,1461,0
33,1208,0
506,829,0
505,563,0
642,210,0
59,166,0
112,10,0
549,237,0
225,727,0
609,24,0
466,242,0
368,1321,0
567,798,0
245,1352,0
595,955,0
595,1036,0
672,1485,0
136,748,0
424,1510,0
420,1442,0
504,1138,0
373,1397,0
121,1197,0
315,810,0
602,1043,0
320,1103,0
545,43,0
697,26,0
582,1445,0
511,181,0
66,671,0
294,848,0
366,640,0
36,1431,0
30,133,0
215,123,0
281,465,0
330,810,0
167,171,0
423,187,0
431,678,0
265,663,0
555,834,0
276,947,0
151,1407,0
420,806,0
52,1233,0
59,752,0
102,266,0
264,691,0
551,705,0
86,354,0
151,30,0
635,355,0
317,151,0
452,1370,0
655,461,0
652,40,0
594,1422,0
303,777,0
262,638,0
621,1364,0
243,1311,0
410,1437,0
490,1238,0
191,119,0
660,581,0
512,998,0
598,446,0
395,422,0
201,213,0
427,434,0
582,1291,0
608,516,0
271,976,0
382,1194,0
6,1236,0
427,1053,0
502,28,0
437,1252,0
54,557,0
492,1472,0
193,1497,0
445,1285,0
529,303,0
370,846,0
34,196,0
4,1267,0
633,1154,0
284,1425,0
87,1504,0
230,752,0
246,787,0
87,930,0
465,513,0
627,846,0
474,1203,0
215,33,0
164,621,0
654,966,0
376,346,0
424,414,0
279,304,0
362,476,0
241,1384,0
104,1154,0
499,439,0
212,992,0
265,841,0
72,854,0
40,979,0
334,1479,0
456,1284,0
572,1076,0
205,917,0
142,228,0
562,732,0
75,805,0
376,119,0
604,320,0
8,1400,0
606,41,0
641,544,0
380,1380,0
583,297,0
645,194,0
392,1132,0
508,280,0
82,85,0
667,447,0
518,1022,0
517,266,0
120,848,0
511,1148,0
18,837,0
143,468,0
376,1497,0
181,1400,0
90,813,0
44,246,0
558,726,0
322,1311,0
225,67,0
353,312,0
608,712,0
107,1472,0
233,4,0
187,1335,0
297,1467,0
139,1445,0
18,1365,0
359,885,0
617,724,0
146,361,0
377,851,0
476,312,0
590,1231,0
213,1246,0
87,297,0
681,110,0
231,21,0
585,1423,0
576,212,0
525,894,0
465,233,0
255,1473,0
495,354,0
585,1102,0
650,262,0
261,95,0
178,57,0
486,1012,0
117,994,0
27,673,0
303,874,0
568,80,0
633,1475,0
534,398,0
310,253,0
613,916,0
88,964,0
327,1146,0
342,1432,0
645,916,0
97,1272,0
363,1504,0
703,770,0
549,1051,0
7,1374,0
597,1351,0
266,633,0
33,572,0
583,1336,0
495,499,0
677,1392,0
313,702,0
115,308,0
165,1092,0
160,50,0
48,1195,0
318,520,0
43,105,0
344,532,0
181,1064,0
299,380,0
68,532,0
512,948,0
261,494,0
80,641,0
608,888,0
134,687,0
497,337,0
95,1360,0
56,421,0
693,585,0
331,1364,0
545,348,0
666,362,0
267,48,0
233,1236,0
243,1016,0
584,706,0
669,1413,0
664,959,0
99,1215,0
305,273,0
423,1236,0
266,213,0
104,642,0
291,231,0
426,1174,0
583,691,0
579,43,0
215,472,0
688,596,0
73,938,0
176,1446,0
529,1427,0
178,774,0
565,1264,0
454,1030,0
602,1127,0
534,328,0
158,1430,0
55,409,0
606,311,0
434,717,0
244,922,0
421,924,0
102,368,0
27,525,0
225,545,0
523,570,0
181,1167,0
256,809,0
149,728,0
497,1196,0
234,676,0
91,329,0
452,969,0
574,481,0
491,719,0
14,134,0
570,986,0
695,1022,0
526,801,0
340,428,0
241,63,0
401,1303,0
317,1282,0
506,1280,0
532,848,0
487,628,0
198,366,0
482,361,0
332,1415,0
661,86,0
575,464,0
54,961,0
494,476,0
298,909,0
617,223,0
262,113,0
457,445,0
335,230,0
176,850,0
426,1093,0
416,705,0
151,531,0
128,931,0
370,977,0
385,722,0
195,1035,0
692,1360,0
155,601,0
186,42,0
277,289,0
449,323,0
367,1145,0
232,1154,0
76,89,0
18,556,0
535,636,0
667,871,0
14,109,0
265,230,0
676,375,0
618,1090,0
286,866,0
12,945,0
250,731,0
68,652,0
200,1433,0
649,690,0
475,884,0
434,718,0
655,411,0
306,634,0
621,424,0
249,645,0
76,1038,0
24,785,0
455,1023,0
628,1036,0
111,675,0
633,931,0
393,842,0
304,929,0
247,1361,0
100,621,0
135,119,0
22,299,0
79,1100,0
428,1032,0
679,245,0
442,625,0
420,282,0
395,235,0
576,390,0
304,284,0
290,1073,0
353,533,0
637,520,0
444,1000,0
361,1469,0
154,591,0
483,1240,0
92,869,0
202,1004,0
46,1328,0
512,622,0
686,880,0
385,1092,0
295,667,0
355,425,0
0,831,0
667,987,0
253,1450,0
439,689,0
365,971,0
156,1070,0
668,848,0
561,385,0
66,1249,0
379,266,0
166,615,0
435,986,0
247,937,0
343,341,0
449,1074,0
695,7,0
605,862,0
535,930,0
374,373,0
181,1354,0
473,871,0
17,399,0
373,1153,0
311,1352,0
95,541,0
667,1084,0
509,1334,0
325,1182,0
284,140,0
445,97,0
254,1231,0
34,1292,0
439,904,0
403,1249,0
628,917,0
212,96,0
65,178,0
208,584,0
349,294,0
213,1473,0
125,88,0
621,1305,0
342,381,0
559,1299,0
528,781,0
38,1370,0
388,12,0
700,288,0
642,1005,0
219,12,0
353,15,0
663,1099,0
206,404,0
459,1489,0
689,1320,0
665,835,0
53,1267,0
10,533,0
461,984,0
36,459,0
447,1073,0
246,721,0
5,1290,0
520,1464,0
213,150,0
682,755,0
375,729,0
144,236,0
457,1182,0
557,650,0
452,1480,0
686,792,0
328,1363,0
20,766,0
19,571,0
374,1239,0
466,1036,0
173,296,0
46,1479,0
179,811,0
36,729,0
665,806,0
546,1209,0
618,222,0
628,1503,0
249,309,0
60,1031,0
305,897,0
554,410,0
81,169,0
518,1473,0
488,1374,0
526,418,0
668,130,0
94,1503,0
176,1225,0
11,1215,0
357,1395,0
577,44,0
354,788,0
10,261,0
112,876,0
623,1128,0
249,1414,0
315,270,0
463,578,0
106,351,0
263,1209,0
401,1372,0
631,1382,0
334,1059,0
32,513,0
161,1435,0
178,1113,0
89,82,0
85,814,0
43,23,0
292,307,0
63,269,0
477,804,0
359,1383,0
491,808,0
435,902,0
188,147,0
178,283,0
494,571,0
447,354,0
690,735,0
188,923,0
360,681,0
138,1403,0
447,930,0
259,82,0
345,1120,0
586,654,0
42,613,0
35,1475,0
327,1277,0
161,1268,0
137,842,0
389,544,0
650,1150,0
268,1198,0
401,580,0
296,1450,0
224,363,0
640,819,0
335,1344,0
223,1381,0
22,661,0
610,395,0
655,665,0
87,1463,0
556,723,0
291,741,0
504,367,0
577,510,0
233,297,0
575,376,0
502,1170,0
230,672,0
596,1446,0
648,969,0
534,1419,0
617,1296,0
315,30,0
583,373,0
259,944,0
384,1484,0
668,270,0
332,653,0
174,1322,0
23,1099,0
456,517,0
148,1073,0
278,486,0
133,159,0
386,972,0
322,790,0
24,1037,0
166,905,0
674,659,0
466,569,0
539,493,0
125,492,0
632,1305,0
412,614,0
425,815,0
565,496,0
493,359,0
12,1199,0
436,657,0
116,309,0
162,576,0
254,42,0
98,1173,0
525,922,0
256,763,0
447,426,0
133,1117,0
161,487,0
6,606,0
216,278,0
677,1252,0
463,560,0
501,503,0
339,1114,0
382,1076,0
146,1117,0
641,119,0
657,248,0
572,212,0
315,439,0
57,358,0
341,138,0
233,676,0
423,126,0
227,771,0
420,864,0
88,119,0
481,204,0
304,523,0
117,503,0
13,839,0
393,953,0
517,81,0
437,411,0
10,1057,0
303,755,0
493,1204,0
135,392,0
288,377,0
650,1086,0
101,968,0
409,1147,0
214,462,0
453,1061,0
28,27,0
557,806,0
614,348,0
286,518,0
43,727,0
88,731,0
256,786,0
461,1131,0
258,1379,0
122,1068,0
425,167,0
282,233,0
481,909,0
270,706,0
244,156,0
104,112,0
652,520,0
633,1438,0
214,460,0
343,1010,0
614,875,0
29,317,0
531,203,0
159,686,0
518,679,0
326,434,0
229,570,0
576,1067,0
684,142,0
549,560,0
99,568,0
309,969,0
121,185,0
138,1355,0
114,714,0
309,1012,0
181,675,0
298,577,0
560,1454,0
224,1017,0
274,1013,0
137,711,0
265,246,0
406,206,0
174,1388,0
332,444,0
540,1061,0
38,688,0
357,317,0
103,1321,0
276,784,0
448,778,0
433,742,0
441,434,0
325,330,0
688,1399,0
330,1,0
705,10,0
484,131,0
110,1502,0
270,55,0
552,170,0
508,766,0
601,396,0
177,388,0
620,891,0
283,442,0
380,682,0
104,861,0
223,953,0
625,1182,0
507,1107,0
701,1129,0
266,799,0
646,929,0
448,1113,0
59,716,0
481,860,0
672,1329,0
485,187,0
628,903,0
571,1419,0
86,1194,0
314,1030,0
92,50,0
631,136,0
27,1027,0
186,933,0
104,534,0
352,407,0
585,1138,0
549,890,0
89,1191,0
498,700,0
636,473,0
302,307,0
375,888,0
54,425,0
668,419,0
245,86,0
638,1288,0
563,318,0
530,620,0
43,44,0
566,1430,0
77,1180,0
635,1456,0
374,332,0
618,1195,0
434,646,0
511,1298,0
589,108,0
698,122,0
26,296,0
214,1328,0
545,1011,0
438,919,0
473,60,0
601,807,0
604,447,0
88,759,0
517,908,0
525,1340,0
288,885,0
484,756,0
128,544,0
283,290,0
148,350,0
152,251,0
20,1327,0
662,876,0
41,167,0
619,1247,0
210,214,0
505,843,0
527,727,0
5,905,0
388,1392,0
646,1033,0
352,632,0
703,176,0
61,578,0
82,1313,0
400,764,0
469,46,0
161,215,0
652,533,0
86,490,0
152,1267,0
42,388,0
305,1469,0
100,717,0
57,571,0
22,614,0
330,1040,0
357,261,0
563,369,0
525,395,0
619,1092,0
324,926,0
275,309,0
395,1336,0
19,1500,0
650,648,0
271,672,0
394,1330,0
248,237,0
432,1339,0
286,1418,0
148,233,0
636,347,0
343,273,0
465,1268,0
280,282,0
458,388,0
548,759,0
436,403,0
239,27,0
30,747,0
175,104,0
534,1070,0
338,914,0
200,462,0
149,1185,0
396,52,0
236,1323,0
398,246,0
704,173,0
659,1325,0
228,90,0
174,619,0
130,121,0
472,56,0
530,1204,0
428,371,0
592,805,0
534,266,0
108,3,0
326,543,0
43,1036,0
247,1485,0
229,834,0
444,564,0
43,90,0
441,119,0
218,616,0
280,274,0
637,783,0
89,76,0
674,781,0
16,756,0
6,1139,0
646,357,0
11,1398,0
7,506,0
610,5,0
459,570,0
620,132,0
309,164,0
329,43,0
289,63,0
130,216,0
632,1494,0
270,32,0
301,1049,0
421,1206,0
613,1243,0
34,401,0
393,702,0
191,1032,0
11,1424,0
345,692,0
393,607,0
487,1269,0
444,591,0
627,101,0
568,1384,0
341,432,0
679,606,0
602,130,0
593,1156,0
568,327,0
541,1347,0
48,712,0
80,1391,0
513,1366,0
614,464,0
460,398,0
574,1489,0
109,723,0
500,199,0
465,277,0
40,498,0
473,468,0
295,821,0
153,649,0
133,1160,0
20,1377,0
229,1096,0
412,139,0
665,690,0
324,413,0
486,29,0
43,1354,0
547,1352,0
293,883,0
539,626,0
391,933,0
30,150,0
146,741,0
210,1406,0
324,640,0
354,1103,0
556,938,0
495,240,0
371,120,0
91,1063,0
219,297,0
156,98,0
639,530,0
385,1181,0
672,569,0
272,1337,0
336,1215,0
444,639,0
640,1476,0
329,145,0
35,972,0
96,415,0
33,1387,0
654,339,0
267,359,0
282,965,0
375,1162,0
327,1381,0
207,84,0
223,784,0
175,952,0
124,918,0
414,4,0
150,583,0
228,312,0
143,1222,0
258,759,0
628,43,0
464,18,0
122,130,0
682,1450,0
210,497,0
516,614,0
51,100,0
283,227,0
493,967,0
410,625,0
508,912,0
640,473,0
693,504,0
624,423,0
105,657,0
690,769,0
138,580,0
552,495,0
429,651,0
203,1177,0
10,1380,0
486,1465,0
217,617,0
121,122,0
186,417,0
370,748,0
660,9,0
193,1315,0
461,810,0
481,1289,0
62,847,0
461,714,0
396,571,0
298,1076,0
318,1076,0
58,1205,0
35,1130,0
52,1344,0
361,476,0
609,161,0
114,1152,0
172,82,0
436,612,0
672,1129,0
1,992,0
220,1134,0
95,1220,0
378,742,0
579,538,0
663,139,0
446,379,0
7,1324,0
702,1077,0
565,702,0
640,1375,0
389,414,0
338,572,0
529,922,0
487,971,0
11,767,0
233,1494,0
391,491,0
555,594,0
428,1171,0
345,766,0
242,1071,0
351,862,0
450,886,0
664,892,0
437,647,0
157,568,0
484,1466,0
394,272,0
631,1097,0
5,813,0
413,211,0
602,313,0
405,1504,0
692,1116,0
497,223,0
582,1069,0
301,300,0
448,746,0
530,461,0
528,1228,0
69,234,0
494,821,0
658,402,0
470,998,0
605,818,0
413,987,0
447,1460,0
468,465,0
51,1037,0
51,313,0
27,838,0
600,1259,0
585,1430,0
493,1130,0
159,17,0
393,1295,0
675,145,0
468,271,0
166,526,0
464,1015,0
193,1000,0
388,1068,0
432,1013,0
628,1,0
474,1242,0
353,1047,0
121,1418,0
190,1327,0
597,877,0
151,681,0
224,796,0
173,103,0
518,964,0
493,795,0
597,69,0
382,46,0
315,1244,0
560,1351,0
13,463,0
208,1446,0
543,973,0
489,1236,0
162,460,0
130,1378,0
553,142,0
143,111,0
14,1205,0
229,969,0
352,982,0
377,568,0
486,639,0
541,1383,0
290,7,0
440,452,0
188,180,0
498,1136,0
303,686,0
661,1416,0
596,334,0
224,453,0
532,722,0
367,646,0
667,750,0
144,884,0
609,1171,0
240,455,0
263,195,0
617,1357,0
141,1305,0
211,718,0
391,1485,0
110,249,0
703,1029,0
32,148,0
152,1463,0
560,1137,0
271,634,0
168,1407,0
414,607,0
81,880,0
125,510,0
677,170,0
218,1121,0
459,598,0
605,441,0
127,1290,0
65,900,0
263,1234,0
188,174,0
446,181,0
479,267,0
621,1238,0
302,881,0
93,347,0
448,668,0
265,1110,0
246,1163,0
223,78,0
694,128,0
518,1434,0
411,206,0
363,1331,0
96,1366,0
305,853,0
377,432,0
178,228,0
71,888,0
249,215,0
577,550,0
360,183,0
698,494,0
383,1130,0
161,44,0
575,1175,0
323,552,0
211,1161,0
582,887,0
582,270,0
69,1319,0
324,74,0
409,717,0
78,372,0
677,1185,0
182,945,0
75,1299,0
119,1463,0
96,1019,0
458,892,0
153,630,0
569,121,0
268,742,0
621,418,0
382,662,0
117,333,0
217,206,0
571,1375,0
238,912,0
329,937,0
679,510,0
275,215,0
59,908,0
486,444,0
354,584,0
247,971,0
317,423,0
189,1312,0
367,1245,0
203,218,0
91,1061,0
308,449,0
236,11,0
379,536,0
403,52,0
230,950,0
272,350,0
675,656,0
484,639,0
589,1104,0
377,146,0
77,183,0
621,811,0
240,1315,0
600,184,0
663,1377,0
512,1107,0
95,1062,0
435,1137,0
129,1300,0
332,386,0
642,565,0
645,1133,0
618,445,0
47,1064,0
450,109,0
199,1329,0
680,211,0
458,144,0
686,143,0
593,596,0
336,533,0
193,1057,0
484,1167,0
197,1063,0
375,534,0
521,356,0
453,1293,0
645,848,0
506,756,0
482,88,0
353,145,0
286,237,0
378,103,0
425,249,0
100,303,0
242,1164,0
596,1152,0
507,1289,0
126,409,0
283,1231,0
350,1392,0
436,898,0
476,1029,0
477,220,0
370,192,0
10,957,0
162,1264,0
287,1342,0
513,356,0
49,1467,0
384,1108,0
136,251,0
442,1117,0
160,233,0
210,342,0
400,1127,0
504,693,0
99,1503,0
411,426,0
297,552,0
564,742,0
200,1207,0
547,209,0
514,516,0
679,738,0
693,432,0
301,828,0
624,1442,0
525,54,0
3,930,0
219,1288,0
81,358,0
653,867,0
619,1096,0
679,1448,0
125,1168,0
706,1480,0
642,198,0
298,570,0
367,808,0
208,1369,0
341,882,0
445,693,0
25,1246,0
350,139,0
112,793,0
412,344,0
696,29,0
338,515,0
93,1442,0
600,157,0
476,1166,0
492,116,0
574,1051,0
207,1486,0
469,749,0
702,772,0
555,1363,0
555,1017,0
204,480,0
166,559,0
441,440,0
258,771,0
44,151,0
545,287,0
468,1261,0
529,786,0
240,463,0
369,113,0
644,1352,0
432,368,0
9,218,0
706,1065,0
295,206,0
676,940,0
41,1022,0
188,1370,0
706,696,0
409,1188,0
486,391,0
472,1130,0
386,295,0
332,661,0
605,1140,0
373,1185,0
331,50,0
544,1359,0
368,268,0
578,1412,0
455,104,0
466,79,0
315,601,0
73,786,0
568,97,0
356,1508,0
288,796,0
554,1493,0
424,324,0
116,1225,0
154,1479,0
512,237,0
481,815,0
660,1120,0
683,90,0
585,271,0
151,717,0
275,1394,0
620,1325,0
519,1014,0
55,260,0
240,1044,0
250,580,0
284,104,0
401,68,0
174,1172,0
50,1338,0
294,183,0
527,397,0
236,642,0
184,226,0
429,213,0
239,1039,0
683,119,0
278,267,0
390,1358,0
31,387,0
211,260,0
229,1326,0
252,63,0
389,138,0
266,1017,0
300,36,0
3,1115,0
54,841,0
320,911,0
321,712,0
672,1269,0
116,1068,0
310,1357,0
575,668,0
278,1155,0
93,737,0
154,461,0
425,286,0
652,465,0
580,542,0
502,357,0
84,1497,0
256,1108,0
665,406,0
104,1282,0
346,383,0
692,513,0
29,1001,0
678,585,0
23,855,0
272,169,0
380,1232,0
623,1361,0
110,261,0
492,297,0
100,713,0
141,904,0
68,782,0
593,1031,0
293,1067,0
394,1333,0
404,193,0
340,50,0
354,815,0
190,523,0
312,1223,0
443,170,0
476,1216,0
88,997,0
633,965,0
275,863,0
294,729,0
390,28,0
95,693,0
588,769,0
217,878,0
165,1220,0
693,1145,0
298,829,0
641,526,0
118,144,0
320,1392,0
261,331,0
394,1410,0
252,436,0
495,1102,0
453,1386,0
187,411,0
700,644,0
132,5,0
587,1461,0
179,366,0
415,1162,0
655,875,0
153,845,0
662,1103,0
67,1185,0
358,1110,0
531,999,0
186,133,0
692,951,0
32,832,0
223,109,0
528,1318,0
582,1302,0
528,1264,0
370,780,0
100,67,0
205,648,0
436,672,0
84,216,0
150,1158,0
395,515,0
422,410,0
371,1126,0
620,1411,0
571,336,0
536,25,0
551,1411,0
16,199,0
131,948,0
614,1466,0
479,686,0
658,1390,0
701,942,0
9,74,0
20,194,0
406,1047,0
13,1031,0
28,1116,0
214,555,0
537,546,0
462,882,0
518,1343,0
358,347,0
47,368,0
289,137,0
386,1406,0
598,756,0
207,952,0
536,1483,0
512,177,0
381,432,0
114,1077,0
89,1342,0
500,1079,0
245,106,0
364,131,0
245,1026,0
104,106,0
592,167,0
297,787,0
350,32,0
651,1492,0
600,461,0
169,664,0
554,623,0
682,1224,0
313,628,0
221,674,0
216,1160,0
505,1491,0
95,712,0
337,1084,0
432,1267,0
467,488,0
291,139,0
214,586,0
425,1460,0
506,798,0
685,682,0
567,404,0
7,241,0
156,1416,0
191,300,0
443,457,0
213,242,0
215,961,0
563,414,0
592,1170,0
275,1017,0
213,1114,0
630,720,0
582,314,0
385,1446,0
306,1213,0
55,1421,0
571,1365,0
75,3,0
308,947,0
422,1495,0
592,695,0
673,271,0
588,764,0
514,447,0
243,123,0
87,147,0
91,84,0
17,246,0
289,1410,0
567,579,0
100,1176,0
25,40,0
660,158,0
304,35,0
267,1346,0
431,738,0
460,1393,0
460,927,0
354,388,0
446,356,0
408,1382,0
62,950,0
444,455,0
512,385,0
360,1234,0
231,260,0
388,305,0
564,1139,0
23,4,0
341,1490,0
672,143,0
287,809,0
554,1365,0
238,1112,0
628,324,0
248,447,0
682,1353,0
35,1081,0
32,822,0
707,193,0
253,289,0
149,258,0
19,1357,0
370,320,0
595,1101,0
420,22,0
382,1444,0
484,290,0
157,78,0
438,1374,0
77,1091,0
478,605,0
426,1209,0
617,1,0
246,925,0
68,1511,0
501,843,0
