15 1630
432 796
58 1017
120 872
433 1630
292 756
423 1874
175 1115
588 1082
584 816
101 964
240 816
694 1038
330 1030
401 1116
182 1168
125 964
48 1269
537 979
499 949
85 1201
626 1174
128 979
292 1648
190 858
58 931
310 1876
672 1875
444 902
340 720
384 786
569 734
595 1428
694 1269
228 720
153 781
455 1082
120 1082
627 1630
423 1875
474 954
43 1168
35 1169
694 1076
203 781
197 832
133 1702
101 1034
582 1134
287 1150
189 1165
268 1397
389 2083
625 747
537 1404
573 1025
564 768
217 1278
58 902
426 850
329 964
516 858
123 1321
651 832
678 964
40 1035
135 993
30 766
97 1282
174 1115
123 1036
382 1019
575 756
382 891
595 775
16 1138
532 1281
93 996
565 1235
46 1888
165 893
50 1169
356 1373
138 1706
451 1070
645 1258
465 872
603 806
110 779
564 872
672 1695
572 1126
327 718
624 940
68 1190
154 1074
616 1076
423 1695
116 1254
232 999
580 1070
433 1896
433 1019
196 1220
573 1450
597 873
194 1102
441 1404
181 1138
135 994
682 781
668 1697
58 720
524 940
523 1696
321 891
367 1183
210 1486
668 1875
120 1169
329 872
573 1335
643 816
526 894
130 757
302 756
371 791
616 1038
433 1894
685 806
12 1877
341 816
561 1389
281 897
423 1129
251 909
316 964
462 996
92 1169
332 807
138 1701
3 1035
371 720
530 852
175 1882
347 949
311 1299
71 952
520 734
613 1143
251 1522
19 827
306 1696
252 1036
553 950
271 1701
671 734
93 1343
617 1131
175 996
302 720
396 1876
43 1876
410 891
322 1150
289 996
35 931
579 1344
587 1167
516 718
183 1695
317 1034
48 1082
624 1036
145 1143
640 1023
694 996
120 996
251 718
363 775
251 858
597 872
599 806
50 1038
455 971
77 807
60 1019
25 1857
588 1017
202 1150
511 948
310 1695
695 828
110 1877
100 1150
593 891
95 1167
626 986
677 873
317 902
332 883
588 873
641 806
449 986
292 1701
213 806
46 1884
69 986
97 718
31 945
694 873
101 1169
6 832
16 1017
88 858
616 902
444 1034
242 1102
93 951
40 1004
637 726
444 949
144 779
50 720
579 1253
617 734
87 1082
185 1036
580 986
694 768
89 1148
564 940
2 878
272 720
315 997
138 1088
680 1473
83 756
130 1030
639 1313
312 872
616 720
654 954
561 756
623 998
423 1168
343 1036
97 827
650 1131
680 987
694 931
148 791
528 1910
110 1874
48 734
523 1168
255 1097
294 1115
624 1076
132 1910
143 1702
365 858
164 893
184 1138
537 742
389 996
433 1893
626 964
0 783
306 981
310 1877
689 984
42 911
108 986
398 951
584 756
60 905
12 1168
128 766
505 816
120 847
329 931
251 1236
206 1038
325 1150
97 1522
523 1876
48 883
101 1143
396 1878
290 1131
396 1695
120 929
553 1025
575 1036
433 1892
168 1257
690 1445
567 1036
537 987
25 810
580 1018
35 1082
175 1138
272 1143
69 1074
541 949
141 721
569 996
359 816
466 883
370 751
496 961
543 1074
72 986
631 1191
264 951
103 1719
483 1648
616 757
225 996
335 1030
458 873
93 964
97 858
486 1025
261 1136
294 1102
14 972
17 806
499 1329
671 940
292 911
553 1110
188 1846
596 1129
683 772
528 1205
559 1167
229 1167
252 996
145 964
299 2214
43 1129
499 1859
617 1624
458 806
588 1143
299 2216
50 872
111 718
171 1143
631 715
606 806
135 722
278 1167
90 1066
292 956
291 1292
429 1043
225 1030
347 1069
271 940
275 1862
62 843
38 823
74 1168
220 1348
125 1066
10 1872
61 756
477 720
264 1066
597 1115
171 996
550 1213
422 1167
250 768
206 720
225 873
624 1017
176 790
234 1560
291 1694
219 816
25 1856
524 996
520 1030
16 951
624 996
184 986
123 872
433 1895
684 1494
677 964
588 1034
626 931
329 1087
15 1632
32 996
630 1268
96 1066
432 756
428 1169
454 1082
286 987
394 1072
549 1074
138 1705
573 998
347 1160
310 779
539 1910
356 1435
521 1321
349 809
661 1349
669 902
618 724
344 945
93 1030
9 1074
454 971
550 1160
545 973
239 897
301 741
46 1886
275 1297
579 1559
62 1404
393 1150
183 1697
31 751
283 844
96 951
675 797
624 757
389 1329
268 1343
15 986
316 1036
607 1696
546 1025
165 894
393 1271
146 757
580 914
672 1874
41 998
383 810
260 775
433 1891
272 949
19 1452
227 832
101 1269
225 986
581 1168
48 791
407 768
315 891
704 1066
292 1705
58 1143
48 1143
694 1169
333 797
588 1115
26 756
477 1074
659 724
548 987
133 1701
93 1138
165 1068
469 810
449 1074
123 1102
48 1034
523 1875
93 1883
340 929
194 806
268 966
637 966
245 872
437 1070
373 757
201 1030
101 847
473 896
573 1168
522 827
346 1076
593 1019
185 1143
148 929
160 1017
614 1167
148 931
413 874
233 718
634 1205
138 1702
656 1126
16 1066
662 1030
495 827
330 964
330 1138
126 981
7 1167
125 872
420 997
23 714
58 1034
100 1070
441 987
291 1070
275 1156
289 873
64 816
457 1167
49 931
311 832
176 751
340 1082
569 757
255 814
310 1874
277 872
93 873
148 1082
101 734
46 1023
83 1110
148 1034
413 803
461 718
361 852
564 964
347 1168
183 1878
623 1168
624 1038
115 1853
698 1205
495 848
607 1877
76 1066
110 1876
381 1697
523 1129
251 1723
581 1693
226 1491
310 1697
180 848
529 753
431 1030
175 1881
404 1167
507 1630
12 981
607 1010
370 822
214 950
546 2089
367 1168
405 718
368 827
428 1150
189 775
261 858
371 1034
31 822
87 873
254 984
697 1719
374 1254
587 781
121 1567
588 720
24 757
322 951
430 849
12 1875
293 781
306 1168
356 1453
101 1017
550 1706
655 1630
680 1404
624 902
140 1088
600 1134
64 1030
340 1036
123 806
590 1168
151 1183
262 1108
120 1087
101 720
188 858
506 734
160 964
370 790
283 1125
294 806
564 902
652 1415
459 807
271 956
546 756
344 718
344 858
544 1074
228 872
561 1296
183 981
429 742
206 948
266 1425
607 1168
611 1132
597 902
12 779
546 2090
594 1562
597 1034
400 720
423 1878
564 986
58 872
302 1143
228 757
78 742
616 1115
243 847
148 1169
14 977
138 1910
432 816
424 835
292 1703
183 1876
147 827
255 1234
668 1874
573 1333
136 996
23 1254
552 806
354 1289
158 1695
292 1138
361 1630
441 1858
306 1874
444 872
137 1126
130 847
294 1034
499 1088
276 1023
151 1180
686 914
393 911
431 816
60 891
433 1562
297 823
388 1697
211 832
495 858
101 902
622 710
627 1632
112 1028
424 1135
376 940
148 1017
257 1036
50 1143
80 825
595 1165
580 807
183 1168
406 1856
122 775
65 816
72 1138
12 1874
27 897
48 1038
616 791
431 986
663 1167
546 859
120 720
623 1160
374 1404
120 1038
624 1082
460 1129
154 986
617 1030
412 1102
381 1696
396 1168
355 999
144 1697
388 1877
122 781
624 1143
502 741
436 823
110 1697
101 1082
567 1138
458 1169
696 951
46 1885
36 1134
4 1138
597 1036
486 891
5 741
368 848
217 1148
292 1706
271 1859
368 2210
442 951
93 986
378 969
564 996
201 757
120 883
340 1034
334 1027
570 1074
671 847
125 1017
242 873
575 996
588 872
592 806
423 1877
356 1880
48 720
388 1129
86 852
144 1875
299 1624
68 1763
424 1070
692 766
58 929
302 964
99 853
654 986
609 1566
146 1030
569 1291
539 1217
570 1872
660 954
560 827
573 946
597 1038
597 996
271 734
10 1131
134 954
685 1102
588 1038
616 872
497 872
62 810
75 893
631 1231
691 1138
477 791
110 1695
335 1131
480 858
592 1102
586 1038
109 1115
141 916
50 1017
175 847
588 1169
396 1010
141 1067
329 1143
48 1169
601 1874
564 1115
144 1876
523 1010
392 757
143 1706
2 1032
299 954
101 1036
388 1168
410 1019
46 1887
616 996
310 1878
17 1102
8 829
245 902
121 1020
161 1635
454 1169
299 1131
101 996
405 858
631 958
503 1289
564 1036
677 757
175 1030
141 793
100 951
22 1262
85 1183
2 854
553 1126
693 874
374 1378
329 720
537 1371
145 1017
496 1350
43 981
423 1876
585 951
367 1010
550 949
379 951
138 1704
368 718
193 740
179 718
434 1158
671 1030
573 1869
621 1143
271 757
486 950
549 986
396 1875
121 1276
261 1316
564 734
167 1134
421 883
271 1706
541 756
486 1525
587 775
120 964
252 1115
329 1017
623 1069
380 718
230 851
12 1696
76 951
43 1877
49 964
469 1404
148 964
144 1874
616 929
521 1717
581 981
31 790
35 873
376 1030
364 718
581 1180
175 940
661 775
64 1882
50 1076
178 858
564 1030
266 1394
661 781
528 1035
564 931
136 1036
279 714
299 2215
384 782
616 1269
279 1254
420 868
492 1125
356 1226
433 1560
233 858
668 1877
243 734
463 827
292 984
269 1167
43 1695
251 848
521 1277
368 1417
658 827
183 1696
491 858
12 1878
12 1695
496 848
10 1873
253 1167
22 1127
621 753
615 714
396 1697
691 986
388 1878
669 1632
406 1857
87 1169
444 996
397 964
376 757
151 1201
93 734
109 1036
536 1749
330 757
543 1138
287 1066
329 791
268 821
340 1038
19 842
287 798
477 786
569 1030
597 964
58 964
224 775
12 1697
288 1054
16 1150
329 1034
469 1065
378 857
564 1143
22 968
93 1236
324 1115
93 757
631 1192
68 1220
120 1076
521 1253
120 734
668 1876
275 1861
458 1102
20 1768
431 807
306 1010
12 1010
93 1882
41 1160
363 1278
424 1168
340 1143
126 1168
509 1108
43 779
637 1204
569 1138
228 996
667 1108
529 964
31 1085
85 1010
133 1706
185 720
694 1102
43 1010
46 1746
511 883
658 1316
471 1134
275 1863
175 986
393 949
566 1030
694 806
523 981
478 1624
423 1010
401 1858
618 846
672 779
302 1036
485 1169
507 1632
314 1134
672 1876
236 1008
8 1692
151 1010
391 1167
588 902
508 1325
190 1446
92 931
242 1169
532 1098
397 954
90 1150
193 759
446 1714
64 757
110 1168
295 1169
48 902
363 1165
127 806
433 1742
280 1035
110 981
268 1204
50 931
120 1030
264 1150
16 986
10 1201
483 714
65 1148
540 1035
669 1138
400 1143
32 1036
569 806
569 964
50 1082
396 1696
661 820
57 806
144 1129
316 986
423 981
521 1102
110 1696
431 1074
286 1473
376 734
48 1076
329 873
616 847
122 1028
381 1560
345 816
505 1232
123 1115
346 768
238 1869
445 768
292 1702
337 823
295 873
581 1183
329 1038
373 1030
389 1087
570 986
103 1103
306 1875
289 1017
159 1143
58 1082
94 1565
669 772
588 929
43 1696
120 1034
375 1091
524 949
49 873
425 951
388 1695
175 964
2 1026
319 1088
333 1847
588 791
196 1190
93 1066
332 1131
624 1169
668 1168
316 1115
152 980
499 956
110 1878
299 1202
411 718
330 847
228 1143
310 1696
468 1364
102 806
48 1030
281 1224
151 1168
120 940
185 964
101 757
14 1698
222 1134
594 816
340 902
607 1876
573 1018
271 1036
668 779
632 863
251 1562
585 1150
621 757
564 757
50 791
607 1697
116 780
361 1632
268 715
92 872
160 757
292 816
523 1874
262 1430
668 1010
610 756
694 1017
396 779
43 1878
348 816
174 996
120 1036
60 1168
110 1010
638 1201
160 734
616 1017
148 873
694 720
529 1017
321 1019
71 1167
652 1355
396 981
158 739
694 1034
41 1069
669 986
64 1881
521 806
691 883
329 929
68 1434
369 741
596 1168
486 1019
637 821
561 1102
172 948
101 1076
286 1404
299 1872
672 1697
567 872
31 1109
64 734
108 1138
541 1143
289 964
63 736
400 949
424 974
423 779
398 1066
38 1072
118 789
299 2212
271 847
120 757
300 1165
548 1065
588 996
176 1109
511 1070
694 929
83 796
550 1702
534 734
668 981
425 1150
141 729
624 929
429 1714
392 734
486 1742
225 964
22 1147
195 1143
672 981
641 1102
678 1143
126 1010
409 816
109 996
365 718
14 1699
191 872
496 802
338 1131
622 1167
50 902
130 734
295 1082
658 747
289 1138
310 981
554 802
650 734
132 816
260 1028
339 1624
498 1030
163 1035
703 996
136 1115
597 1082
707 1035
624 1034
341 727
332 1070
535 807
48 847
255 994
164 897
183 1877
340 1017
178 718
436 827
411 858
523 1877
50 964
573 1870
534 757
590 998
43 1697
47 816
380 858
261 1354
203 1910
477 929
693 803
508 747
463 741
52 816
491 1854
243 1030
613 926
76 1150
500 1121
141 966
242 806
144 981
427 1126
48 873
62 714
567 996
602 2007
101 1030
225 1138
626 1017
633 1167
667 987
587 904
24 1030
624 873
243 757
49 1076
595 1381
675 1430
616 964
265 1102
35 1076
138 1703
309 781
544 1138
381 1562
121 1568
28 772
704 1150
228 1138
567 986
624 734
144 1877
476 757
281 1460
350 883
398 1150
11 734
597 1017
294 1036
428 873
185 996
340 964
590 1160
571 897
374 810
40 1708
418 832
504 1221
66 1156
484 1134
257 996
16 1070
694 902
668 1695
379 1066
590 1069
561 996
174 1036
145 720
330 986
579 1354
19 1564
127 1102
120 1143
661 1028
499 1702
310 1168
140 1028
616 1034
225 1115
581 1010
557 781
541 1038
494 1167
120 873
243 940
65 807
488 894
10 1871
271 996
306 1695
499 1860
58 1169
140 903
419 1027
574 1070
317 872
247 858
607 1875
597 1169
439 1169
691 1066
316 1169
371 872
151 1693
624 964
448 1143
585 1066
101 883
54 946
395 1102
622 748
195 873
204 858
148 720
206 964
10 1693
50 873
530 829
368 858
585 775
50 1034
101 1038
433 1632
144 1696
631 1193
622 952
201 734
628 724
565 969
46 894
672 1696
506 940
637 793
148 902
194 756
433 1525
420 1048
128 1316
564 847
624 1030
48 1017
310 1875
93 872
367 1693
90 951
34 1138
569 847
637 916
179 858
676 1027
579 1417
576 1134
170 872
672 1878
389 949
255 722
24 734
87 971
48 940
672 1877
569 1102
677 1143
176 1085
654 772
143 1701
461 858
652 1300
523 779
499 1701
245 1034
626 1138
327 858
493 1000
433 984
509 1369
78 807
662 757
392 1030
613 1070
669 872
655 846
538 1035
225 757
427 997
188 1827
101 791
48 1036
518 1134
523 1878
478 954
349 770
624 883
654 996
370 1085
616 873
480 718
561 1377
631 966
11 757
58 1038
388 1010
9 772
489 1566
310 1010
202 1066
506 757
371 902
588 1036
377 757
148 1143
337 827
158 1135
686 1138
581 1201
524 964
388 1875
172 1066
141 821
134 1624
205 768
612 1278
261 718
62 987
101 873
156 1168
496 1423
294 872
101 929
367 1180
526 1774
392 940
691 1150
564 873
567 1074
349 1130
441 1473
183 1874
176 878
228 1168
564 1138
84 997
316 1082
317 1868
114 1025
462 872
477 1038
479 1566
524 1143
153 1088
268 1382
46 850
48 872
335 883
299 1871
255 909
316 1034
650 1030
388 1876
375 988
