15,922,1
393,243,1
432,88,1
120,164,1
433,922,1
668,988,1
292,48,1
175,407,1
588,374,1
431,430,1
584,108,1
240,108,1
694,330,1
420,739,1
330,322,1
182,460,1
125,256,1
443,256,1
48,561,1
499,241,1
85,493,1
686,278,1
626,466,1
292,940,1
190,150,1
662,26,1
58,223,1
672,1167,1
444,194,1
120,84,1
340,12,1
569,26,1
595,720,1
257,394,1
694,561,1
153,73,1
455,374,1
509,150,1
120,374,1
423,1167,1
474,246,1
599,394,1
43,460,1
694,368,1
203,73,1
15,430,1
197,124,1
101,326,1
582,426,1
41,317,1
287,442,1
268,689,1
389,1375,1
156,302,1
625,39,1
573,317,1
564,60,1
343,366,1
217,570,1
426,142,1
329,256,1
446,207,1
516,150,1
651,124,1
678,256,1
669,922,1
40,327,1
30,58,1
97,574,1
455,461,1
174,407,1
382,311,1
575,48,1
298,218,1
382,183,1
16,430,1
532,573,1
393,358,1
93,288,1
46,1180,1
165,185,1
624,83,1
50,461,1
138,998,1
451,362,1
550,248,1
645,550,1
603,98,1
110,71,1
271,322,1
564,164,1
572,418,1
327,10,1
308,426,1
624,232,1
154,366,1
616,368,1
392,139,1
423,987,1
232,291,1
580,362,1
628,138,1
433,1188,1
196,512,1
573,742,1
406,102,1
597,165,1
441,696,1
181,430,1
309,459,1
135,286,1
668,989,1
58,12,1
23,424,1
524,232,1
321,183,1
367,475,1
616,322,1
210,778,1
120,461,1
329,164,1
433,183,1
573,627,1
526,186,1
130,49,1
506,322,1
302,48,1
616,330,1
433,1186,1
442,442,1
685,98,1
341,108,1
561,681,1
523,987,1
281,189,1
251,201,1
316,256,1
289,164,1
462,288,1
332,99,1
138,993,1
314,1029,1
3,327,1
530,144,1
175,1174,1
473,295,1
347,241,1
71,244,1
520,26,1
236,25,1
613,435,1
19,119,1
306,988,1
170,916,1
252,328,1
271,993,1
671,26,1
603,394,1
93,635,1
175,288,1
302,12,1
524,139,1
396,1168,1
410,183,1
322,442,1
396,1166,1
289,288,1
579,636,1
587,459,1
325,358,1
516,10,1
317,326,1
48,374,1
316,288,1
624,328,1
640,315,1
694,288,1
504,648,1
120,288,1
363,67,1
251,150,1
552,48,1
597,164,1
50,330,1
455,263,1
120,561,1
77,99,1
25,1149,1
588,309,1
346,288,1
202,442,1
310,987,1
695,120,1
121,614,1
110,1169,1
593,183,1
95,459,1
523,989,1
626,278,1
317,194,1
332,175,1
607,71,1
588,165,1
449,278,1
292,993,1
415,33,1
213,98,1
69,278,1
97,10,1
678,12,1
31,237,1
101,461,1
6,124,1
357,916,1
16,309,1
616,194,1
444,326,1
520,49,1
242,394,1
40,296,1
637,18,1
20,538,1
444,241,1
50,12,1
579,545,1
544,278,1
617,26,1
185,328,1
580,278,1
499,998,1
694,60,1
564,232,1
2,170,1
616,328,1
272,12,1
138,380,1
680,765,1
340,165,1
83,48,1
639,605,1
312,164,1
93,232,1
616,12,1
561,48,1
623,290,1
564,326,1
423,460,1
97,119,1
650,423,1
575,407,1
680,279,1
148,83,1
528,1202,1
377,423,1
110,1166,1
523,460,1
255,389,1
382,1183,1
294,407,1
132,1202,1
143,994,1
638,985,1
365,150,1
184,430,1
537,34,1
176,114,1
389,288,1
626,256,1
0,75,1
477,435,1
306,273,1
689,276,1
42,203,1
669,366,1
108,278,1
584,48,1
60,197,1
637,13,1
12,460,1
505,108,1
120,139,1
389,435,1
329,223,1
206,330,1
325,442,1
93,1173,1
97,814,1
48,175,1
101,435,1
524,49,1
396,1170,1
396,987,1
120,221,1
271,407,1
553,317,1
433,1184,1
168,549,1
13,98,1
690,737,1
537,279,1
25,102,1
221,654,1
580,310,1
175,430,1
272,435,1
339,246,1
69,366,1
141,13,1
569,288,1
340,164,1
359,108,1
370,43,1
496,253,1
322,358,1
543,366,1
631,483,1
264,243,1
368,19,1
103,1011,1
616,49,1
225,288,1
521,1010,1
335,322,1
93,256,1
97,150,1
183,71,1
486,317,1
294,394,1
14,264,1
324,288,1
17,98,1
671,232,1
292,203,1
85,460,1
553,402,1
596,421,1
683,64,1
185,165,1
528,497,1
229,459,1
252,288,1
204,10,1
145,256,1
43,421,1
499,1151,1
644,242,1
617,916,1
588,435,1
299,1508,1
561,98,1
50,164,1
171,435,1
631,7,1
437,435,1
606,98,1
278,459,1
90,358,1
191,194,1
292,248,1
429,335,1
225,322,1
374,279,1
347,361,1
275,1154,1
62,135,1
93,407,1
38,115,1
220,640,1
125,358,1
228,278,1
10,1164,1
477,12,1
264,358,1
346,164,1
597,407,1
550,505,1
422,459,1
574,366,1
250,60,1
225,165,1
624,309,1
10,494,1
176,82,1
291,986,1
219,108,1
175,26,1
25,1148,1
520,322,1
16,243,1
85,985,1
624,288,1
123,164,1
433,1187,1
170,394,1
684,786,1
588,326,1
626,223,1
514,459,1
329,379,1
32,288,1
630,560,1
176,237,1
96,358,1
428,461,1
454,374,1
694,435,1
286,279,1
549,366,1
138,997,1
444,394,1
573,290,1
310,71,1
539,1202,1
202,243,1
356,727,1
349,101,1
661,641,1
199,857,1
669,194,1
344,237,1
93,322,1
206,435,1
9,366,1
550,452,1
545,265,1
631,113,1
239,189,1
46,1178,1
275,589,1
659,81,1
579,851,1
393,442,1
183,989,1
302,288,1
31,43,1
96,243,1
675,89,1
332,366,1
624,49,1
268,635,1
15,278,1
526,315,1
316,328,1
546,317,1
165,186,1
597,435,1
393,563,1
580,206,1
672,1166,1
382,514,1
41,290,1
260,67,1
433,1183,1
324,328,1
272,241,1
227,124,1
101,561,1
0,112,1
225,278,1
48,83,1
407,60,1
329,461,1
315,183,1
292,997,1
58,435,1
143,248,1
48,435,1
333,89,1
588,407,1
569,278,1
26,48,1
659,16,1
548,279,1
396,1169,1
133,993,1
165,360,1
469,102,1
580,225,1
449,366,1
48,326,1
523,1167,1
433,853,1
93,1175,1
194,98,1
268,258,1
299,1505,1
637,258,1
437,362,1
373,49,1
183,302,1
201,322,1
473,188,1
573,460,1
133,940,1
522,119,1
593,311,1
185,435,1
597,223,1
148,221,1
614,459,1
148,223,1
131,175,1
413,166,1
634,497,1
138,994,1
529,223,1
656,418,1
662,322,1
495,119,1
549,430,1
330,256,1
126,273,1
7,459,1
299,985,1
125,164,1
23,6,1
58,326,1
123,326,1
100,362,1
291,362,1
275,448,1
346,256,1
289,165,1
457,459,1
49,223,1
579,624,1
311,124,1
340,374,1
569,49,1
172,206,1
255,106,1
277,164,1
93,165,1
672,302,1
148,374,1
46,315,1
83,402,1
597,83,1
148,326,1
461,10,1
361,144,1
225,26,1
564,256,1
183,1170,1
623,460,1
292,996,1
624,330,1
698,497,1
495,140,1
306,1168,1
607,1169,1
110,1168,1
381,989,1
388,1166,1
523,421,1
581,985,1
226,783,1
285,185,1
310,989,1
529,45,1
431,322,1
225,139,1
175,1173,1
507,922,1
12,273,1
133,248,1
607,302,1
214,242,1
546,1381,1
148,164,1
367,460,1
368,119,1
428,442,1
148,330,1
189,67,1
371,326,1
31,114,1
16,26,1
87,165,1
697,1011,1
374,546,1
48,221,1
587,73,1
588,12,1
24,49,1
502,636,1
322,243,1
12,1167,1
293,73,1
691,243,1
306,460,1
101,309,1
550,998,1
2,453,1
655,922,1
624,194,1
140,380,1
366,124,1
600,426,1
340,328,1
123,98,1
391,320,1
590,460,1
262,400,1
120,379,1
259,988,1
101,12,1
506,26,1
160,256,1
429,346,1
370,82,1
294,98,1
564,194,1
61,426,1
652,707,1
271,248,1
546,48,1
542,185,1
344,10,1
544,366,1
228,164,1
238,1162,1
561,588,1
429,34,1
206,240,1
101,164,1
266,717,1
611,424,1
597,194,1
564,309,1
12,71,1
594,854,1
597,326,1
85,472,1
400,12,1
564,278,1
58,164,1
58,165,1
302,435,1
78,34,1
616,407,1
550,993,1
243,139,1
14,269,1
138,1202,1
35,263,1
432,108,1
292,995,1
183,1168,1
524,322,1
147,119,1
668,1166,1
573,625,1
83,248,1
136,288,1
552,98,1
354,581,1
255,433,1
158,987,1
361,922,1
441,1150,1
242,613,1
306,1166,1
137,418,1
130,139,1
700,28,1
294,326,1
276,315,1
151,472,1
567,309,1
686,206,1
431,108,1
60,183,1
110,1167,1
433,854,1
388,989,1
211,124,1
546,2,1
495,150,1
622,2,1
627,924,1
183,1167,1
112,320,1
376,232,1
148,309,1
329,374,1
257,328,1
80,117,1
595,457,1
92,374,1
580,99,1
406,1148,1
122,67,1
509,429,1
65,108,1
12,1166,1
27,189,1
268,495,1
48,330,1
431,278,1
663,459,1
379,442,1
546,151,1
623,452,1
374,696,1
616,374,1
120,330,1
460,421,1
154,278,1
22,181,1
617,322,1
381,988,1
396,460,1
579,247,1
355,291,1
388,1169,1
122,73,1
428,175,1
624,435,1
436,115,1
110,989,1
23,279,1
101,374,1
458,461,1
696,243,1
388,988,1
46,1177,1
4,430,1
597,328,1
174,48,1
486,183,1
368,140,1
217,440,1
325,243,1
292,998,1
368,1502,1
442,243,1
19,1203,1
93,278,1
564,288,1
201,49,1
496,610,1
120,175,1
334,319,1
570,366,1
43,1167,1
671,139,1
242,165,1
575,288,1
495,10,1
588,164,1
423,1169,1
356,1172,1
172,259,1
48,12,1
86,144,1
144,1167,1
49,309,1
299,916,1
424,362,1
692,58,1
244,150,1
58,221,1
99,145,1
654,278,1
546,238,1
609,858,1
569,583,1
539,509,1
616,232,1
570,1164,1
560,119,1
573,238,1
101,232,1
597,330,1
271,26,1
10,423,1
351,58,1
134,246,1
588,330,1
616,164,1
442,358,1
497,164,1
75,185,1
631,523,1
281,185,1
691,430,1
110,987,1
335,423,1
388,71,1
480,150,1
586,330,1
109,407,1
352,675,1
141,208,1
175,139,1
588,461,1
96,442,1
396,302,1
329,435,1
48,461,1
367,273,1
601,1166,1
144,1168,1
523,302,1
58,83,1
392,49,1
2,324,1
299,246,1
451,240,1
101,328,1
410,311,1
46,1179,1
524,26,1
616,288,1
17,394,1
8,121,1
696,358,1
245,194,1
161,927,1
454,461,1
191,326,1
299,423,1
405,150,1
631,250,1
358,426,1
503,581,1
677,49,1
175,322,1
294,288,1
141,85,1
22,554,1
85,475,1
472,49,1
2,146,1
693,166,1
374,670,1
597,368,1
329,12,1
145,309,1
496,642,1
316,435,1
43,273,1
585,243,1
367,302,1
144,302,1
550,241,1
138,996,1
368,10,1
276,186,1
193,32,1
434,450,1
671,322,1
26,694,1
573,1161,1
271,49,1
486,242,1
48,288,1
549,278,1
121,568,1
261,608,1
50,221,1
564,26,1
421,175,1
271,998,1
262,918,1
541,48,1
587,67,1
120,256,1
573,362,1
252,407,1
623,361,1
380,10,1
506,139,1
230,143,1
76,243,1
43,1169,1
111,364,1
49,256,1
148,256,1
144,1166,1
606,394,1
616,221,1
581,273,1
31,82,1
601,460,1
35,165,1
364,10,1
581,472,1
140,67,1
175,232,1
64,1174,1
50,368,1
135,106,1
178,150,1
266,686,1
661,73,1
146,423,1
528,327,1
136,328,1
279,6,1
175,49,1
299,1507,1
616,561,1
279,546,1
668,1170,1
420,160,1
356,518,1
433,852,1
514,1503,1
233,150,1
243,26,1
463,119,1
588,256,1
292,276,1
43,987,1
251,140,1
306,1170,1
521,569,1
658,119,1
183,988,1
300,67,1
491,150,1
12,987,1
496,140,1
38,402,1
10,1165,1
22,419,1
621,45,1
395,98,1
615,6,1
691,278,1
388,1170,1
669,326,1
669,924,1
87,461,1
444,288,1
361,605,1
397,256,1
151,493,1
93,26,1
291,470,1
109,328,1
330,49,1
543,430,1
57,394,1
287,358,1
268,113,1
340,330,1
624,164,1
19,134,1
477,78,1
569,322,1
624,12,1
597,256,1
224,67,1
12,989,1
532,1181,1
288,346,1
329,326,1
469,357,1
115,858,1
378,149,1
22,260,1
93,528,1
15,366,1
324,407,1
631,484,1
68,512,1
303,108,1
120,368,1
120,26,1
668,1168,1
364,150,1
275,1153,1
20,1060,1
431,99,1
374,6,1
306,302,1
93,1174,1
41,452,1
82,43,1
363,570,1
340,435,1
126,460,1
672,460,1
509,400,1
637,496,1
569,430,1
82,401,1
228,288,1
529,256,1
31,377,1
41,460,1
85,302,1
185,12,1
694,394,1
569,232,1
43,302,1
511,175,1
658,608,1
82,237,1
471,426,1
175,278,1
393,241,1
433,505,1
566,322,1
523,273,1
478,916,1
225,232,1
423,302,1
618,138,1
672,71,1
170,288,1
302,328,1
507,924,1
314,426,1
491,10,1
672,1168,1
8,984,1
151,302,1
574,175,1
391,459,1
508,617,1
190,738,1
306,1169,1
92,223,1
532,390,1
397,246,1
120,194,1
90,442,1
446,1006,1
64,49,1
566,49,1
110,460,1
48,194,1
363,457,1
537,765,1
127,98,1
280,327,1
110,273,1
330,232,1
268,496,1
120,322,1
264,442,1
508,1196,1
16,278,1
483,6,1
65,440,1
499,505,1
540,327,1
400,435,1
32,328,1
86,515,1
569,98,1
50,374,1
396,988,1
255,285,1
661,112,1
144,421,1
316,278,1
22,449,1
423,273,1
110,988,1
431,366,1
12,421,1
286,765,1
48,368,1
329,165,1
226,81,1
616,139,1
381,852,1
345,108,1
567,256,1
505,524,1
346,60,1
238,1161,1
481,42,1
445,60,1
337,115,1
295,165,1
367,493,1
581,475,1
373,322,1
389,379,1
244,10,1
570,278,1
306,1167,1
289,309,1
2,530,1
159,435,1
94,857,1
669,64,1
616,461,1
588,221,1
120,326,1
375,383,1
607,1170,1
524,241,1
425,243,1
388,987,1
43,1166,1
175,256,1
319,380,1
333,1139,1
596,302,1
588,83,1
93,358,1
332,423,1
696,442,1
624,461,1
316,407,1
152,272,1
112,459,1
499,248,1
299,494,1
411,10,1
295,263,1
330,139,1
310,988,1
468,656,1
631,486,1
102,98,1
281,516,1
151,460,1
257,98,1
120,232,1
101,49,1
14,990,1
553,183,1
222,426,1
340,194,1
607,1168,1
160,322,1
573,310,1
668,71,1
632,155,1
534,322,1
251,854,1
621,49,1
564,49,1
330,26,1
50,83,1
116,72,1
361,924,1
694,256,1
268,7,1
160,49,1
292,108,1
292,402,1
523,1166,1
668,302,1
610,48,1
573,657,1
694,309,1
43,1170,1
348,108,1
616,435,1
174,288,1
60,460,1
110,302,1
607,987,1
638,493,1
616,309,1
148,165,1
454,165,1
694,12,1
321,311,1
71,459,1
286,546,1
652,647,1
158,31,1
694,326,1
154,430,1
41,361,1
64,1173,1
521,98,1
151,273,1
691,175,1
68,726,1
369,33,1
428,45,1
596,460,1
637,113,1
561,394,1
123,194,1
172,240,1
286,696,1
299,1164,1
616,175,1
672,989,1
31,401,1
64,26,1
273,73,1
108,430,1
289,256,1
63,28,1
201,232,1
400,241,1
423,71,1
398,358,1
12,1168,1
38,364,1
299,1504,1
271,139,1
271,241,1
120,49,1
548,357,1
588,288,1
703,164,1
176,401,1
694,221,1
83,88,1
144,1170,1
550,994,1
668,273,1
425,442,1
279,135,1
141,21,1
429,1006,1
392,26,1
70,346,1
486,1034,1
22,439,1
195,435,1
423,988,1
672,273,1
678,435,1
126,302,1
631,487,1
409,108,1
365,10,1
14,991,1
172,225,1
191,164,1
338,423,1
622,459,1
536,123,1
50,194,1
295,374,1
658,39,1
585,572,1
289,430,1
554,94,1
650,26,1
213,394,1
132,108,1
339,916,1
498,322,1
120,309,1
163,327,1
136,407,1
597,374,1
48,256,1
707,327,1
341,19,1
332,362,1
624,139,1
535,99,1
255,286,1
164,189,1
638,1164,1
183,1169,1
178,10,1
436,119,1
138,248,1
411,150,1
50,256,1
573,1162,1
475,394,1
534,49,1
43,989,1
47,108,1
309,380,1
380,150,1
203,1202,1
477,221,1
280,637,1
693,95,1
463,33,1
52,108,1
201,139,1
491,1146,1
613,218,1
76,442,1
448,256,1
500,413,1
242,98,1
144,273,1
425,358,1
427,418,1
62,6,1
567,288,1
433,108,1
602,1299,1
225,430,1
626,309,1
255,200,1
633,459,1
587,196,1
24,322,1
624,561,1
624,165,1
49,368,1
595,673,1
69,430,1
675,722,1
265,394,1
35,368,1
93,452,1
138,995,1
544,430,1
381,854,1
265,98,1
121,860,1
704,442,1
228,430,1
460,460,1
567,278,1
144,1169,1
476,49,1
14,992,1
281,752,1
398,442,1
11,26,1
439,374,1
597,309,1
428,165,1
185,288,1
694,164,1
340,256,1
571,189,1
374,102,1
597,12,1
40,1000,1
504,513,1
66,448,1
372,442,1
484,426,1
16,362,1
694,194,1
85,273,1
668,987,1
590,361,1
561,288,1
220,150,1
174,328,1
330,278,1
579,646,1
299,493,1
19,856,1
120,435,1
661,320,1
340,288,1
499,994,1
140,320,1
616,326,1
450,394,1
225,407,1
557,73,1
541,330,1
554,115,1
494,459,1
243,232,1
65,99,1
652,477,1
488,186,1
271,288,1
306,987,1
130,232,1
499,1152,1
140,195,1
419,319,1
362,49,1
574,362,1
247,150,1
607,1167,1
291,737,1
597,461,1
691,358,1
316,461,1
567,165,1
371,164,1
624,256,1
448,435,1
125,175,1
585,358,1
54,238,1
395,394,1
637,495,1
622,40,1
204,150,1
148,12,1
93,139,1
206,256,1
50,165,1
530,121,1
316,164,1
368,150,1
50,326,1
101,330,1
252,48,1
433,924,1
631,485,1
622,244,1
88,10,1
201,26,1
565,261,1
46,186,1
306,71,1
672,988,1
637,85,1
148,194,1
586,435,1
194,48,1
420,340,1
128,608,1
616,26,1
564,139,1
48,309,1
310,1167,1
299,1165,1
93,164,1
90,243,1
34,430,1
62,546,1
569,139,1
179,150,1
676,319,1
306,989,1
579,709,1
170,164,1
672,1170,1
504,1201,1
389,241,1
24,26,1
87,263,1
702,73,1
48,232,1
569,394,1
677,435,1
144,987,1
176,377,1
143,993,1
461,150,1
312,288,1
652,592,1
499,993,1
245,326,1
423,989,1
626,430,1
493,292,1
433,276,1
184,366,1
509,661,1
662,49,1
392,322,1
268,1022,1
613,362,1
655,138,1
538,327,1
485,374,1
225,49,1
188,1119,1
101,83,1
329,194,1
48,328,1
523,1170,1
478,246,1
408,395,1
349,62,1
654,288,1
370,377,1
597,221,1
616,165,1
561,669,1
631,258,1
522,115,1
11,49,1
388,302,1
9,64,1
561,94,1
489,858,1
202,358,1
506,49,1
671,49,1
371,194,1
377,49,1
148,435,1
286,6,1
337,119,1
686,430,1
581,493,1
552,505,1
524,256,1
172,358,1
141,113,1
210,773,1
134,916,1
612,570,1
261,10,1
469,931,1
62,279,1
156,460,1
496,715,1
574,99,1
294,164,1
367,472,1
526,1066,1
48,49,1
392,232,1
564,165,1
567,366,1
270,73,1
349,422,1
183,1166,1
176,170,1
123,288,1
228,460,1
84,289,1
316,374,1
144,460,1
317,1160,1
462,164,1
477,330,1
431,49,1
479,858,1
153,380,1
268,674,1
588,223,1
46,142,1
335,175,1
299,1163,1
607,1166,1
255,201,1
650,322,1
388,1168,1
74,326,1
375,280,1
280,1327,0
135,539,0
183,218,0
666,860,0
344,1492,0
155,348,0
241,421,0
553,60,0
8,869,0
578,1001,0
502,476,0
455,591,0
3,714,0
605,841,0
268,1480,0
685,180,0
396,1454,0
34,687,0
437,848,0
701,1479,0
308,913,0
613,1088,0
539,1364,0
255,957,0
40,799,0
135,55,0
447,865,0
413,143,0
345,1436,0
447,276,0
168,1248,0
674,1445,0
623,518,0
410,35,0
408,13,0
102,1482,0
394,1429,0
1,216,0
245,989,0
269,1451,0
402,234,0
580,733,0
207,1240,0
266,1123,0
646,694,0
440,43,0
245,1444,0
270,241,0
281,859,0
63,517,0
409,72,0
98,223,0
179,688,0
192,46,0
588,128,0
124,1272,0
158,148,0
188,1452,0
648,135,0
123,1136,0
629,500,0
284,1385,0
200,689,0
172,167,0
57,902,0
633,1114,0
46,954,0
310,1368,0
252,601,0
528,1161,0
30,1154,0
35,527,0
494,578,0
463,1440,0
444,1278,0
582,1238,0
482,588,0
397,1331,0
135,1438,0
548,970,0
567,1124,0
493,14,0
578,506,0
219,637,0
162,705,0
100,1252,0
334,628,0
469,322,0
591,61,0
88,842,0
607,161,0
329,313,0
285,1044,0
369,1424,0
3,910,0
396,1110,0
48,431,0
562,629,0
119,588,0
536,1096,0
25,285,0
435,1426,0
656,1245,0
491,24,0
394,1340,0
471,570,0
404,8,0
195,799,0
518,1042,0
3,994,0
293,1351,0
59,1228,0
90,870,0
337,184,0
453,342,0
562,246,0
565,225,0
131,1172,0
653,513,0
684,490,0
325,953,0
668,70,0
658,713,0
301,563,0
419,496,0
51,177,0
461,1383,0
278,101,0
88,1044,0
681,176,0
353,1107,0
449,276,0
699,1313,0
281,923,0
695,968,0
509,931,0
522,1360,0
223,399,0
187,1278,0
242,372,0
435,985,0
390,1052,0
463,177,0
344,865,0
316,971,0
585,307,0
667,880,0
122,944,0
92,659,0
244,855,0
64,538,0
261,1390,0
465,1031,0
513,916,0
177,787,0
114,1335,0
289,1055,0
164,1201,0
379,1052,0
263,846,0
528,240,0
80,461,0
531,1335,0
649,624,0
627,1332,0
50,1454,0
539,378,0
309,1140,0
672,210,0
657,1100,0
117,1233,0
38,1267,0
625,1011,0
670,1056,0
575,348,0
701,1472,0
422,988,0
372,99,0
285,567,0
34,697,0
132,1070,0
25,440,0
193,1447,0
706,1463,0
202,1357,0
348,682,0
602,1232,0
417,45,0
694,315,0
42,707,0
137,23,0
231,552,0
262,630,0
494,251,0
543,580,0
693,1213,0
93,1465,0
299,1274,0
13,1077,0
362,113,0
622,571,0
650,338,0
327,460,0
82,761,0
523,858,0
104,254,0
634,761,0
213,1387,0
196,1114,0
117,988,0
190,1332,0
317,448,0
515,113,0
270,124,0
541,671,0
401,298,0
105,1500,0
79,144,0
323,1483,0
125,935,0
406,1481,0
436,1172,0
382,764,0
296,683,0
410,871,0
463,114,0
356,1476,0
432,263,0
191,914,0
291,210,0
493,1458,0
450,956,0
338,911,0
269,1114,0
176,924,0
26,766,0
316,427,0
192,1324,0
583,643,0
337,1299,0
203,1224,0
161,810,0
628,941,0
128,1133,0
590,814,0
313,552,0
176,735,0
535,927,0
634,190,0
40,607,0
687,783,0
117,1281,0
29,363,0
304,892,0
192,667,0
30,934,0
263,1193,0
291,658,0
291,1096,0
260,23,0
67,1369,0
244,1385,0
642,1220,0
117,1107,0
436,32,0
459,240,0
631,206,0
457,1128,0
517,956,0
260,858,0
316,1487,0
430,1448,0
387,322,0
119,1459,0
193,275,0
391,916,0
96,1444,0
346,128,0
381,1462,0
384,991,0
655,142,0
38,779,0
565,515,0
567,731,0
98,11,0
648,163,0
589,490,0
617,1463,0
123,1018,0
585,194,0
428,89,0
506,739,0
544,1076,0
98,1145,0
13,423,0
632,1210,0
626,999,0
706,983,0
406,1186,0
41,300,0
587,355,0
249,818,0
166,857,0
66,47,0
479,491,0
97,1371,0
178,1156,0
14,694,0
418,1186,0
532,1267,0
513,672,0
577,588,0
235,222,0
488,754,0
667,79,0
272,1081,0
130,56,0
621,1116,0
135,1140,0
290,1354,0
192,1005,0
657,1262,0
335,737,0
61,324,0
72,649,0
564,1360,0
343,403,0
535,1405,0
462,755,0
168,980,0
653,1078,0
499,1507,0
238,1246,0
500,716,0
524,516,0
436,495,0
517,922,0
450,990,0
354,357,0
455,305,0
349,495,0
126,183,0
132,795,0
36,566,0
452,553,0
495,841,0
303,494,0
509,148,0
283,1068,0
35,974,0
432,1258,0
464,1385,0
649,116,0
322,317,0
284,859,0
585,342,0
304,961,0
684,296,0
101,721,0
446,1284,0
655,1437,0
385,1445,0
140,363,0
332,580,0
554,1059,0
607,140,0
354,65,0
598,978,0
491,1097,0
346,602,0
181,1284,0
233,293,0
594,1511,0
696,705,0
419,264,0
83,1219,0
402,724,0
675,1300,0
181,1311,0
169,893,0
308,280,0
10,1224,0
231,1058,0
404,1176,0
554,191,0
42,106,0
308,553,0
15,656,0
60,1030,0
515,254,0
281,858,0
177,645,0
86,206,0
296,873,0
533,822,0
385,1135,0
504,1064,0
333,210,0
230,843,0
215,1026,0
611,873,0
135,1059,0
667,766,0
76,351,0
696,1208,0
293,1419,0
377,1497,0
284,422,0
61,239,0
136,89,0
685,76,0
160,1226,0
107,1238,0
12,574,0
16,1432,0
682,1032,0
490,1014,0
338,175,0
214,991,0
290,160,0
99,356,0
451,551,0
222,686,0
234,582,0
344,190,0
111,303,0
397,10,0
524,39,0
430,1055,0
580,373,0
67,951,0
474,469,0
556,392,0
552,1251,0
493,194,0
474,556,0
670,448,0
41,1231,0
452,1112,0
650,263,0
342,771,0
645,607,0
278,1450,0
285,345,0
34,55,0
571,590,0
27,1470,0
450,1017,0
430,620,0
533,1183,0
293,413,0
521,843,0
258,557,0
506,575,0
472,541,0
254,1182,0
618,786,0
172,1137,0
7,1221,0
56,1181,0
35,181,0
664,330,0
580,1104,0
7,25,0
289,555,0
87,411,0
564,585,0
546,316,0
603,796,0
526,533,0
8,1488,0
309,916,0
277,1254,0
539,710,0
385,725,0
126,525,0
698,101,0
472,826,0
174,1055,0
482,823,0
180,511,0
662,1321,0
396,96,0
630,1315,0
439,480,0
286,742,0
182,107,0
542,1087,0
131,806,0
299,955,0
322,1496,0
107,1479,0
159,33,0
69,679,0
220,1484,0
453,1380,0
251,1264,0
515,1324,0
135,1434,0
356,159,0
0,255,0
435,473,0
441,234,0
10,1040,0
616,777,0
20,280,0
205,262,0
1,582,0
5,763,0
107,263,0
644,1380,0
493,1217,0
686,1347,0
189,75,0
455,893,0
588,136,0
278,401,0
589,806,0
552,90,0
374,1435,0
421,384,0
120,929,0
577,66,0
229,261,0
148,57,0
702,1031,0
479,1359,0
666,718,0
294,746,0
585,591,0
163,78,0
381,1461,0
89,823,0
220,439,0
479,805,0
71,949,0
496,1293,0
11,619,0
370,1124,0
97,723,0
661,233,0
632,995,0
202,1405,0
494,936,0
247,1212,0
578,1034,0
610,461,0
30,1507,0
419,149,0
147,51,0
643,275,0
629,1173,0
31,514,0
186,1370,0
175,1240,0
83,804,0
360,1343,0
257,1175,0
437,741,0
485,300,0
624,1493,0
263,1130,0
169,739,0
52,746,0
177,1472,0
188,1234,0
604,409,0
165,229,0
265,780,0
383,357,0
82,417,0
683,1414,0
450,952,0
643,1374,0
27,915,0
240,46,0
223,468,0
694,701,0
462,1058,0
153,509,0
490,235,0
481,529,0
271,23,0
263,926,0
290,1353,0
308,1241,0
391,847,0
336,1259,0
452,1305,0
294,1200,0
90,1413,0
394,33,0
505,721,0
458,83,0
154,290,0
421,236,0
579,783,0
502,651,0
512,202,0
402,1200,0
475,438,0
49,1364,0
284,337,0
293,1194,0
354,278,0
427,166,0
187,1225,0
418,512,0
484,988,0
290,516,0
705,1485,0
180,232,0
521,38,0
210,568,0
193,36,0
505,668,0
181,313,0
559,989,0
161,888,0
663,944,0
665,640,0
465,1083,0
353,5,0
546,129,0
103,133,0
305,1373,0
375,623,0
686,337,0
391,574,0
59,374,0
245,146,0
531,189,0
697,844,0
168,1460,0
51,751,0
138,479,0
29,507,0
671,1085,0
68,574,0
561,228,0
474,382,0
159,1110,0
639,385,0
384,992,0
53,233,0
283,1030,0
561,879,0
107,298,0
325,91,0
409,597,0
68,1425,0
691,910,0
582,1511,0
289,1085,0
211,508,0
156,944,0
145,1025,0
490,1091,0
537,361,0
321,1455,0
611,416,0
185,1313,0
589,69,0
322,87,0
289,278,0
436,1253,0
173,1452,0
243,229,0
537,1383,0
492,715,0
105,1173,0
483,911,0
479,1054,0
469,421,0
375,1481,0
460,428,0
276,208,0
629,361,0
145,1407,0
325,341,0
50,202,0
144,309,0
582,592,0
602,1172,0
539,185,0
56,212,0
114,463,0
675,1434,0
430,84,0
163,1130,0
641,375,0
371,624,0
56,878,0
81,476,0
191,121,0
444,117,0
511,71,0
212,1166,0
237,462,0
104,282,0
582,960,0
142,677,0
518,906,0
162,894,0
92,248,0
53,86,0
243,1192,0
592,846,0
186,318,0
489,870,0
266,1034,0
275,1200,0
366,777,0
266,1219,0
673,1200,0
262,1326,0
452,873,0
566,857,0
262,1303,0
554,1324,0
399,1287,0
393,264,0
569,1032,0
186,1011,0
342,406,0
173,504,0
327,1363,0
95,196,0
37,1497,0
376,342,0
517,0,0
587,72,0
647,521,0
6,1354,0
625,389,0
240,923,0
349,126,0
142,289,0
277,1158,0
607,578,0
288,748,0
67,961,0
527,600,0
89,242,0
634,517,0
241,1018,0
288,812,0
457,1193,0
324,717,0
696,1435,0
393,1059,0
374,245,0
359,1338,0
416,796,0
55,1053,0
688,416,0
144,1091,0
129,1199,0
239,954,0
439,1052,0
205,543,0
560,1087,0
77,983,0
671,281,0
387,2,0
296,383,0
450,586,0
449,967,0
240,569,0
255,1082,0
130,912,0
127,30,0
33,1458,0
265,1408,0
324,90,0
381,1136,0
32,58,0
335,1415,0
516,824,0
246,351,0
57,1303,0
211,303,0
446,756,0
259,1224,0
636,395,0
24,815,0
14,654,0
683,1092,0
550,1196,0
445,441,0
155,6,0
467,150,0
173,1123,0
425,488,0
417,168,0
220,1350,0
220,625,0
156,1118,0
299,684,0
306,90,0
26,1005,0
653,976,0
342,1431,0
289,390,0
652,1321,0
283,951,0
398,259,0
209,386,0
262,545,0
37,1282,0
277,1372,0
122,1351,0
706,1024,0
17,1414,0
87,631,0
116,1086,0
551,1220,0
93,1350,0
161,680,0
455,834,0
144,141,0
630,1015,0
88,257,0
703,1132,0
283,1367,0
164,260,0
608,492,0
651,1014,0
450,1001,0
571,329,0
288,842,0
267,978,0
599,21,0
257,46,0
690,1409,0
648,53,0
182,1439,0
76,740,0
300,1471,0
629,1123,0
604,408,0
119,1442,0
254,1129,0
372,1048,0
493,854,0
5,639,0
453,1236,0
252,299,0
433,409,0
217,226,0
44,1495,0
183,991,0
13,1015,0
697,894,0
607,363,0
574,1323,0
388,601,0
548,925,0
164,904,0
403,997,0
397,752,0
48,1494,0
695,1139,0
636,1090,0
365,913,0
528,1134,0
242,829,0
447,719,0
343,616,0
390,436,0
515,223,0
134,645,0
249,955,0
181,1173,0
476,1380,0
591,117,0
457,948,0
80,225,0
305,684,0
700,117,0
74,1188,0
695,231,0
104,398,0
32,1037,0
445,843,0
183,156,0
163,1222,0
603,1131,0
627,538,0
17,215,0
539,66,0
225,206,0
334,1002,0
703,1045,0
126,682,0
415,1033,0
328,622,0
450,542,0
398,103,0
330,315,0
414,1123,0
118,871,0
572,1172,0
591,770,0
317,380,0
553,862,0
604,479,0
601,46,0
167,446,0
272,306,0
470,277,0
93,134,0
289,346,0
525,1280,0
541,281,0
561,1475,0
371,858,0
577,1075,0
699,263,0
135,535,0
592,648,0
66,832,0
38,1022,0
676,949,0
317,1074,0
380,1373,0
15,1468,0
368,1412,0
232,1456,0
457,751,0
493,701,0
458,1024,0
663,690,0
175,1378,0
454,1056,0
654,1429,0
493,838,0
451,445,0
243,1281,0
476,11,0
80,1119,0
277,282,0
627,1450,0
5,428,0
419,1164,0
34,1281,0
638,847,0
547,1230,0
263,1342,0
597,48,0
340,835,0
344,1310,0
559,251,0
49,148,0
526,1059,0
443,701,0
397,1133,0
268,601,0
456,1071,0
46,721,0
314,396,0
213,936,0
60,829,0
514,395,0
660,1053,0
414,793,0
704,9,0
521,1101,0
450,45,0
438,1329,0
699,1465,0
287,198,0
496,424,0
263,170,0
171,39,0
158,1101,0
599,51,0
43,992,0
182,1281,0
223,570,0
523,710,0
75,1405,0
425,113,0
462,715,0
304,871,0
543,933,0
172,417,0
270,490,0
503,731,0
697,879,0
601,435,0
605,54,0
94,51,0
110,197,0
322,1474,0
529,1292,0
343,715,0
584,995,0
107,803,0
546,719,0
100,60,0
239,545,0
151,1204,0
21,1504,0
397,1247,0
32,94,0
42,73,0
128,1267,0
599,1030,0
184,28,0
524,307,0
313,1183,0
653,1040,0
9,865,0
21,180,0
591,766,0
487,736,0
177,400,0
140,810,0
119,876,0
650,330,0
367,1107,0
578,1387,0
347,758,0
638,1222,0
401,1190,0
464,621,0
505,7,0
368,887,0
635,883,0
478,1184,0
39,683,0
291,1080,0
488,483,0
133,1369,0
115,643,0
438,1295,0
79,400,0
438,1455,0
15,142,0
551,349,0
592,807,0
121,460,0
296,190,0
448,1078,0
422,621,0
232,960,0
112,288,0
410,176,0
416,1256,0
298,563,0
90,252,0
238,39,0
461,428,0
346,792,0
607,214,0
8,813,0
623,648,0
221,1411,0
541,951,0
19,1411,0
239,332,0
485,45,0
134,608,0
157,192,0
410,855,0
42,79,0
289,1214,0
376,253,0
5,214,0
248,878,0
428,335,0
156,1302,0
553,106,0
452,1249,0
524,61,0
37,663,0
272,1362,0
574,1402,0
461,920,0
277,205,0
457,417,0
281,745,0
312,1002,0
589,1493,0
312,602,0
636,508,0
41,1363,0
109,0,0
611,933,0
247,369,0
367,978,0
563,586,0
523,709,0
558,1353,0
598,1134,0
173,881,0
377,899,0
457,799,0
580,172,0
306,591,0
249,1377,0
624,999,0
650,876,0
315,708,0
241,26,0
460,799,0
698,555,0
318,947,0
88,893,0
9,981,0
439,627,0
509,1089,0
308,1019,0
244,1098,0
349,866,0
57,569,0
191,912,0
69,443,0
231,972,0
433,1441,0
161,980,0
478,1126,0
363,694,0
503,432,0
314,1467,0
122,577,0
463,1018,0
628,1042,0
94,489,0
1,1508,0
147,1452,0
311,935,0
208,840,0
610,632,0
108,914,0
702,273,0
249,1374,0
434,336,0
485,703,0
484,745,0
88,220,0
671,821,0
320,226,0
312,1194,0
530,986,0
388,157,0
135,1189,0
324,1015,0
211,6,0
394,638,0
42,1102,0
669,631,0
391,1309,0
599,729,0
118,1227,0
0,811,0
423,451,0
579,548,0
544,1312,0
238,651,0
77,1304,0
38,179,0
566,1402,0
124,523,0
442,1253,0
604,1029,0
633,1124,0
28,406,0
509,1132,0
533,1308,0
687,166,0
636,1063,0
431,1191,0
441,818,0
477,147,0
218,699,0
409,953,0
488,115,0
473,1318,0
655,1046,0
571,1490,0
238,439,0
373,1056,0
636,1492,0
143,23,0
675,348,0
404,837,0
168,506,0
183,1207,0
494,27,0
49,12,0
187,813,0
538,238,0
601,1200,0
19,509,0
600,630,0
84,121,0
323,717,0
704,1369,0
663,124,0
627,949,0
316,604,0
46,1447,0
368,835,0
667,256,0
0,1064,0
67,1507,0
169,1187,0
6,1435,0
40,901,0
233,232,0
560,423,0
264,472,0
419,1223,0
621,1478,0
530,414,0
541,1100,0
41,119,0
70,536,0
478,1316,0
368,1084,0
511,689,0
178,750,0
39,1127,0
279,1351,0
612,46,0
223,814,0
242,1419,0
236,1333,0
291,291,0
292,381,0
372,805,0
302,1277,0
301,193,0
478,99,0
262,951,0
25,728,0
435,1478,0
59,1225,0
247,680,0
623,1307,0
381,85,0
344,900,0
164,911,0
142,687,0
305,1480,0
154,895,0
272,546,0
499,419,0
508,18,0
244,465,0
439,1467,0
347,1081,0
207,1222,0
555,96,0
117,853,0
241,929,0
653,1117,0
543,1278,0
137,1483,0
125,1496,0
702,35,0
540,264,0
636,318,0
305,825,0
618,553,0
619,1298,0
667,946,0
214,1338,0
216,470,0
556,1470,0
70,1028,0
696,717,0
660,1492,0
146,490,0
499,1337,0
215,49,0
506,718,0
168,591,0
608,1148,0
156,459,0
281,955,0
651,1405,0
275,302,0
275,274,0
654,372,0
478,196,0
570,260,0
570,1034,0
476,785,0
687,566,0
95,1138,0
52,1492,0
20,634,0
148,674,0
647,420,0
68,628,0
424,541,0
707,369,0
215,523,0
574,729,0
644,1475,0
183,211,0
200,473,0
374,531,0
602,1059,0
545,1406,0
529,966,0
244,346,0
206,724,0
628,77,0
284,710,0
535,971,0
159,989,0
683,1030,0
377,739,0
621,114,0
349,155,0
511,958,0
236,1258,0
395,409,0
67,905,0
36,861,0
706,1284,0
57,464,0
189,885,0
397,72,0
289,600,0
607,385,0
21,795,0
212,140,0
698,1337,0
310,78,0
70,579,0
590,564,0
411,548,0
634,107,0
436,749,0
259,2,0
6,1289,0
654,1056,0
687,1046,0
212,569,0
62,454,0
18,1065,0
239,887,0
216,1505,0
61,433,0
305,3,0
164,1341,0
645,561,0
365,981,0
376,376,0
404,53,0
530,557,0
6,474,0
397,146,0
349,1387,0
457,1177,0
399,540,0
120,1460,0
299,1182,0
598,23,0
136,700,0
56,375,0
514,1228,0
360,13,0
239,990,0
115,186,0
158,400,0
311,1178,0
429,1248,0
230,1245,0
365,85,0
535,605,0
431,1260,0
383,574,0
519,948,0
71,2,0
698,376,0
451,381,0
221,1413,0
116,486,0
142,93,0
284,980,0
300,466,0
565,1392,0
699,1406,0
601,1143,0
17,232,0
509,65,0
387,1324,0
158,1000,0
696,1403,0
577,875,0
216,35,0
313,1274,0
203,1037,0
482,403,0
166,1365,0
445,1051,0
417,1393,0
170,155,0
499,123,0
154,119,0
405,1060,0
194,1348,0
342,1414,0
155,1229,0
74,485,0
581,921,0
459,1170,0
631,1296,0
554,1196,0
559,14,0
187,143,0
404,976,0
589,1435,0
53,321,0
443,84,0
321,352,0
137,186,0
489,53,0
218,788,0
23,789,0
84,364,0
361,511,0
596,215,0
687,586,0
511,239,0
334,397,0
191,324,0
638,260,0
343,1399,0
577,313,0
469,845,0
514,919,0
555,1238,0
574,296,0
341,1018,0
158,1343,0
299,1172,0
83,155,0
698,916,0
64,1053,0
549,893,0
22,492,0
652,1471,0
453,752,0
166,653,0
255,178,0
146,1071,0
525,48,0
508,488,0
521,784,0
238,812,0
97,1036,0
539,142,0
101,1423,0
368,70,0
45,149,0
473,171,0
595,762,0
263,586,0
36,139,0
341,1023,0
161,1233,0
619,756,0
307,632,0
61,36,0
700,308,0
575,1019,0
271,397,0
472,1324,0
383,1235,0
638,1403,0
108,874,0
159,1154,0
11,955,0
643,1266,0
439,807,0
656,874,0
181,557,0
391,193,0
378,1148,0
385,291,0
323,1341,0
637,274,0
134,1384,0
429,352,0
184,987,0
520,1346,0
111,363,0
247,761,0
674,62,0
270,1384,0
48,629,0
166,1453,0
194,880,0
641,458,0
470,12,0
108,1314,0
349,846,0
48,465,0
632,948,0
609,596,0
8,626,0
437,419,0
296,961,0
95,440,0
224,698,0
625,77,0
626,931,0
545,1169,0
397,155,0
381,1001,0
634,468,0
424,1199,0
202,260,0
224,1144,0
628,1304,0
704,1292,0
73,226,0
120,769,0
450,712,0
435,413,0
180,1147,0
428,839,0
365,738,0
468,331,0
147,433,0
540,844,0
562,1509,0
234,555,0
683,712,0
574,154,0
443,336,0
419,415,0
690,1416,0
657,603,0
325,710,0
495,980,0
278,566,0
490,263,0
509,710,0
363,211,0
538,671,0
260,1076,0
327,115,0
242,124,0
372,65,0
42,1432,0
310,1476,0
207,1496,0
584,532,0
22,1217,0
699,1499,0
681,384,0
697,1465,0
646,698,0
622,445,0
597,617,0
84,562,0
152,901,0
576,1023,0
173,380,0
112,805,0
507,920,0
487,1010,0
137,1110,0
565,1195,0
653,986,0
19,905,0
425,733,0
445,724,0
492,1116,0
45,407,0
592,1152,0
487,613,0
474,558,0
44,161,0
249,430,0
279,1011,0
227,1131,0
570,263,0
205,192,0
142,1283,0
429,1125,0
624,214,0
400,913,0
341,258,0
640,476,0
703,119,0
17,1171,0
182,498,0
259,659,0
471,1309,0
504,1447,0
103,1431,0
231,743,0
446,981,0
299,17,0
14,756,0
134,1248,0
37,1475,0
646,79,0
522,552,0
465,178,0
92,513,0
145,463,0
4,466,0
177,827,0
137,1327,0
662,1243,0
168,1368,0
267,498,0
68,636,0
522,1449,0
211,822,0
532,604,0
81,561,0
218,1166,0
223,1221,0
400,11,0
377,180,0
250,1355,0
198,953,0
191,1070,0
71,1441,0
163,494,0
401,270,0
38,1101,0
119,1001,0
557,1261,0
96,720,0
533,399,0
116,1394,0
261,1419,0
1,381,0
206,1216,0
412,501,0
433,1,0
697,1402,0
132,294,0
705,1178,0
419,927,0
442,635,0
527,323,0
501,940,0
585,229,0
34,180,0
166,369,0
156,1239,0
29,578,0
154,1038,0
256,1395,0
580,822,0
628,444,0
148,228,0
574,1197,0
528,332,0
158,740,0
707,614,0
259,1477,0
18,1406,0
447,762,0
615,1123,0
577,1255,0
508,781,0
12,199,0
192,131,0
32,70,0
465,1201,0
296,497,0
366,1126,0
546,1334,0
169,969,0
232,589,0
296,422,0
500,612,0
307,2,0
591,70,0
499,874,0
120,835,0
344,99,0
607,1398,0
30,1276,0
412,47,0
668,838,0
473,63,0
117,297,0
615,421,0
507,780,0
647,55,0
168,63,0
43,126,0
498,806,0
279,512,0
421,302,0
25,873,0
260,886,0
433,1315,0
563,794,0
331,914,0
234,388,0
500,941,0
526,712,0
248,1477,0
475,903,0
531,296,0
288,391,0
359,435,0
541,271,0
53,12,0
703,1149,0
85,901,0
630,743,0
595,1148,0
283,1361,0
695,1406,0
308,303,0
659,331,0
378,765,0
256,911,0
316,661,0
654,401,0
90,1304,0
573,747,0
181,1067,0
45,1187,0
538,1166,0
170,1123,0
263,390,0
680,740,0
485,614,0
384,1392,0
427,762,0
161,911,0
554,1385,0
379,1373,0
693,1033,0
165,1470,0
530,1020,0
194,1382,0
348,334,0
595,395,0
380,717,0
543,60,0
100,1146,0
563,132,0
161,1318,0
698,1409,0
28,1112,0
536,973,0
96,823,0
569,475,0
88,129,0
91,193,0
139,269,0
375,1469,0
178,280,0
525,75,0
666,711,0
464,1085,0
458,1162,0
241,243,0
679,1240,0
350,151,0
517,880,0
212,1177,0
663,365,0
190,837,0
409,1246,0
589,9,0
438,292,0
351,1198,0
581,1495,0
452,990,0
455,516,0
361,212,0
336,376,0
58,588,0
325,1411,0
46,815,0
584,555,0
401,1069,0
221,1142,0
182,481,0
109,712,0
146,577,0
617,1317,0
420,136,0
349,1079,0
334,215,0
361,1047,0
377,538,0
684,1438,0
452,1387,0
392,1114,0
671,1163,0
416,1253,0
196,996,0
568,1259,0
272,512,0
659,90,0
610,1425,0
168,1367,0
127,1061,0
278,1090,0
319,475,0
321,1270,0
198,297,0
455,1429,0
334,1203,0
280,916,0
144,266,0
139,1488,0
302,667,0
596,89,0
505,1429,0
238,1247,0
624,1505,0
654,1047,0
656,172,0
611,450,0
563,1080,0
69,0,0
127,447,0
226,362,0
640,1176,0
154,168,0
121,1434,0
483,1499,0
62,769,0
304,1409,0
589,561,0
30,288,0
196,564,0
506,839,0
496,654,0
220,437,0
65,570,0
335,279,0
327,797,0
667,626,0
506,861,0
401,185,0
181,329,0
458,1224,0
139,59,0
688,1223,0
625,472,0
474,317,0
297,1073,0
510,231,0
67,718,0
507,1238,0
398,133,0
437,1366,0
64,1253,0
312,97,0
25,1293,0
329,438,0
423,113,0
479,580,0
608,195,0
14,730,0
576,172,0
83,529,0
555,262,0
278,633,0
162,834,0
148,271,0
349,980,0
280,86,0
501,885,0
667,1369,0
493,555,0
645,0,0
22,873,0
485,737,0
181,90,0
443,1468,0
465,613,0
277,3,0
701,989,0
55,1212,0
530,182,0
505,598,0
135,563,0
418,701,0
557,617,0
243,310,0
519,1166,0
145,1113,0
604,1284,0
128,935,0
152,1025,0
231,1037,0
490,306,0
262,1348,0
625,1202,0
215,394,0
636,1112,0
99,229,0
667,917,0
579,424,0
95,331,0
454,1181,0
489,480,0
180,513,0
483,183,0
543,399,0
376,871,0
393,779,0
395,903,0
522,486,0
665,494,0
442,650,0
178,1385,0
10,47,0
699,122,0
11,765,0
636,516,0
210,1490,0
238,412,0
290,666,0
13,1298,0
460,441,0
104,324,0
591,409,0
356,858,0
264,554,0
455,385,0
359,510,0
493,214,0
247,1139,0
453,688,0
399,728,0
697,629,0
19,1461,0
162,1066,0
39,1405,0
634,653,0
90,191,0
624,370,0
238,1345,0
527,569,0
23,762,0
440,931,0
61,1156,0
546,1459,0
133,1071,0
220,305,0
228,314,0
240,127,0
358,603,0
91,297,0
560,549,0
352,1202,0
514,1500,0
408,443,0
32,390,0
405,62,0
116,103,0
67,1322,0
361,827,0
138,649,0
360,545,0
470,292,0
140,172,0
55,941,0
453,697,0
342,559,0
476,1368,0
555,363,0
212,887,0
108,315,0
335,302,0
620,1349,0
129,315,0
492,1263,0
630,858,0
557,1173,0
151,1404,0
246,939,0
470,273,0
545,685,0
8,1402,0
163,722,0
114,962,0
608,388,0
507,154,0
405,344,0
3,75,0
344,759,0
452,448,0
682,1209,0
524,43,0
29,253,0
600,106,0
532,725,0
115,1270,0
271,1262,0
33,70,0
279,1438,0
110,1161,0
45,586,0
226,910,0
414,1187,0
494,71,0
533,178,0
99,267,0
135,197,0
532,693,0
466,680,0
189,589,0
234,1338,0
113,1074,0
40,1059,0
686,431,0
635,1224,0
371,1184,0
390,1068,0
699,689,0
612,1498,0
188,308,0
324,1056,0
270,827,0
477,1120,0
417,1304,0
641,993,0
468,1120,0
58,1397,0
502,553,0
600,149,0
61,213,0
532,827,0
666,1421,0
431,883,0
492,771,0
21,1192,0
10,384,0
374,1312,0
605,264,0
356,767,0
379,674,0
706,625,0
242,155,0
461,443,0
594,774,0
106,1134,0
525,538,0
32,1500,0
578,609,0
444,1209,0
4,908,0
170,605,0
416,70,0
256,118,0
75,82,0
197,33,0
695,943,0
579,813,0
276,1262,0
172,1018,0
462,564,0
590,907,0
491,775,0
143,473,0
521,252,0
85,1172,0
93,1356,0
172,1445,0
523,520,0
707,992,0
676,193,0
429,1334,0
22,635,0
604,1022,0
705,672,0
424,615,0
216,317,0
242,1066,0
48,898,0
395,508,0
412,699,0
222,759,0
414,695,0
502,899,0
223,1372,0
609,1499,0
265,834,0
339,1312,0
274,389,0
20,1209,0
209,769,0
618,90,0
210,154,0
181,19,0
392,979,0
487,316,0
477,85,0
183,1033,0
618,253,0
636,944,0
100,870,0
1,14,0
444,142,0
503,27,0
133,332,0
40,612,0
117,722,0
513,1166,0
358,717,0
372,677,0
598,935,0
463,21,0
390,342,0
479,973,0
299,353,0
214,138,0
698,886,0
436,1040,0
409,1378,0
124,1483,0
321,45,0
231,189,0
681,1110,0
121,994,0
73,976,0
593,1378,0
30,1161,0
24,104,0
647,128,0
415,261,0
348,939,0
302,632,0
278,1136,0
390,1160,0
638,363,0
115,1327,0
565,859,0
171,1377,0
480,720,0
226,470,0
572,988,0
439,342,0
623,1400,0
28,872,0
415,984,0
3,811,0
155,581,0
174,223,0
305,759,0
616,1215,0
496,964,0
173,961,0
230,1187,0
45,304,0
260,657,0
118,764,0
188,687,0
251,235,0
549,1258,0
456,1402,0
100,662,0
364,1164,0
231,920,0
232,1326,0
671,262,0
673,1442,0
562,279,0
10,564,0
596,1275,0
148,417,0
420,710,0
60,247,0
533,29,0
488,424,0
153,45,0
478,1487,0
123,1158,0
543,888,0
499,417,0
181,544,0
126,1247,0
257,1396,0
166,516,0
371,105,0
104,448,0
259,77,0
378,642,0
370,31,0
152,1260,0
351,666,0
130,397,0
472,1359,0
357,1467,0
532,430,0
550,119,0
154,597,0
361,380,0
529,741,0
652,255,0
194,1404,0
702,1419,0
403,434,0
77,1009,0
288,380,0
32,332,0
107,767,0
117,880,0
198,754,0
27,1440,0
98,1048,0
315,516,0
223,1489,0
179,1248,0
579,888,0
19,1038,0
60,128,0
197,858,0
92,862,0
6,261,0
578,1339,0
660,1215,0
387,566,0
45,729,0
46,594,0
630,978,0
582,148,0
283,783,0
481,177,0
694,1196,0
99,1255,0
427,144,0
141,1463,0
554,1191,0
134,514,0
59,1151,0
34,963,0
102,106,0
340,984,0
283,1148,0
137,232,0
326,1376,0
36,615,0
376,1400,0
475,722,0
432,1103,0
151,1017,0
378,969,0
20,1101,0
515,434,0
91,269,0
641,999,0
396,629,0
448,1239,0
256,241,0
209,872,0
601,257,0
567,507,0
123,32,0
702,716,0
333,1184,0
270,1073,0
213,455,0
385,1496,0
701,876,0
200,1232,0
108,1061,0
706,312,0
618,1472,0
287,1408,0
1,27,0
192,927,0
340,1213,0
103,42,0
6,408,0
69,502,0
580,461,0
515,592,0
235,299,0
136,908,0
594,343,0
81,545,0
499,723,0
438,1288,0
14,488,0
91,365,0
54,1215,0
149,107,0
448,823,0
703,292,0
568,99,0
143,2,0
277,292,0
350,248,0
1,831,0
435,717,0
318,105,0
55,510,0
631,1202,0
588,833,0
423,82,0
239,1205,0
521,991,0
508,888,0
366,428,0
704,532,0
624,1211,0
549,337,0
353,811,0
513,238,0
458,376,0
279,572,0
142,803,0
280,750,0
337,1276,0
621,1372,0
357,1398,0
120,1381,0
120,423,0
457,831,0
194,356,0
439,247,0
468,171,0
512,286,0
648,599,0
658,866,0
444,1395,0
295,1021,0
53,1131,0
538,1453,0
563,1225,0
459,493,0
5,574,0
174,1313,0
219,1467,0
666,1308,0
164,258,0
137,473,0
266,326,0
242,1205,0
564,378,0
126,360,0
696,1500,0
389,1485,0
628,1326,0
383,843,0
105,966,0
571,869,0
120,25,0
545,578,0
393,1032,0
180,1453,0
567,907,0
202,506,0
182,967,0
243,870,0
204,411,0
98,1088,0
26,1293,0
668,126,0
211,1004,0
482,473,0
605,362,0
650,386,0
148,191,0
436,1174,0
174,1343,0
549,1127,0
1,1009,0
638,850,0
400,1004,0
78,1036,0
109,1131,0
361,153,0
194,201,0
561,1023,0
373,405,0
485,794,0
1,143,0
375,751,0
210,348,0
658,533,0
511,94,0
600,758,0
421,1359,0
374,516,0
34,191,0
684,426,0
613,963,0
469,328,0
582,1152,0
339,356,0
538,611,0
131,1101,0
486,727,0
71,941,0
631,730,0
275,1314,0
21,141,0
199,879,0
123,939,0
347,1217,0
472,940,0
541,201,0
624,18,0
577,535,0
11,1332,0
365,1215,0
611,1088,0
338,713,0
329,1116,0
433,176,0
291,333,0
354,174,0
514,833,0
243,1289,0
37,98,0
564,934,0
224,860,0
315,1424,0
180,318,0
205,24,0
532,103,0
564,334,0
618,468,0
63,628,0
433,1148,0
254,510,0
37,732,0
96,715,0
531,1168,0
132,407,0
676,198,0
402,24,0
116,1157,0
593,1136,0
160,348,0
78,350,0
392,1136,0
395,468,0
128,128,0
298,32,0
229,1138,0
460,503,0
116,329,0
257,1345,0
565,272,0
482,1350,0
505,851,0
56,560,0
249,351,0
613,1117,0
220,555,0
182,1416,0
428,1239,0
413,1211,0
196,899,0
198,155,0
643,298,0
39,954,0
540,1226,0
566,895,0
569,1114,0
616,226,0
500,828,0
127,1156,0
509,283,0
503,140,0
296,1022,0
95,847,0
16,179,0
422,242,0
562,935,0
515,1153,0
631,389,0
527,468,0
55,485,0
274,130,0
537,676,0
554,1295,0
639,496,0
6,891,0
513,557,0
534,340,0
68,32,0
679,1378,0
115,691,0
512,38,0
178,420,0
288,566,0
294,1042,0
496,1439,0
391,653,0
155,1354,0
348,332,0
478,830,0
332,142,0
695,791,0
346,1165,0
380,1185,0
406,1118,0
319,221,0
433,956,0
500,498,0
382,1478,0
201,5,0
216,1154,0
94,898,0
453,864,0
475,149,0
75,949,0
635,1077,0
145,293,0
37,582,0
354,797,0
419,687,0
381,608,0
261,13,0
463,843,0
69,964,0
443,663,0
477,748,0
431,142,0
133,849,0
587,636,0
86,82,0
525,965,0
104,890,0
361,771,0
578,353,0
490,405,0
478,937,0
647,517,0
550,1404,0
530,1476,0
643,864,0
71,61,0
170,668,0
212,548,0
221,1256,0
701,1300,0
139,663,0
618,552,0
705,375,0
173,1384,0
122,1495,0
199,805,0
14,1244,0
368,910,0
298,532,0
433,1097,0
115,1003,0
370,772,0
393,1019,0
394,1170,0
459,12,0
640,431,0
309,337,0
266,117,0
601,694,0
257,831,0
75,1219,0
683,1172,0
302,1410,0
54,1244,0
439,778,0
59,1183,0
373,532,0
509,28,0
387,1254,0
381,181,0
471,132,0
610,200,0
54,268,0
240,1255,0
390,668,0
201,393,0
371,926,0
266,474,0
703,1032,0
570,1152,0
238,940,0
367,1302,0
333,211,0
590,1213,0
490,1510,0
180,1391,0
93,157,0
462,221,0
462,599,0
51,1001,0
203,982,0
544,205,0
242,840,0
44,609,0
236,1499,0
79,1272,0
625,703,0
462,1260,0
130,1399,0
71,1368,0
288,248,0
40,1456,0
130,1256,0
6,286,0
438,1511,0
489,1439,0
88,975,0
622,1199,0
302,149,0
697,198,0
131,176,0
279,1084,0
570,1452,0
197,840,0
366,1381,0
0,1287,0
253,901,0
193,1213,0
374,860,0
584,783,0
213,256,0
284,473,0
27,620,0
300,532,0
163,10,0
488,40,0
656,681,0
505,771,0
700,523,0
311,359,0
397,15,0
566,485,0
232,1302,0
639,32,0
602,172,0
479,909,0
392,376,0
425,860,0
75,71,0
379,1440,0
139,1255,0
658,1275,0
555,1042,0
7,1053,0
365,1178,0
553,569,0
676,686,0
555,1231,0
698,261,0
283,1107,0
293,415,0
158,256,0
611,2,0
427,1424,0
668,754,0
520,1020,0
398,46,0
465,729,0
225,1226,0
648,1361,0
193,507,0
406,1498,0
0,618,0
659,1478,0
385,319,0
307,979,0
220,541,0
243,1182,0
55,623,0
304,1505,0
41,632,0
584,1029,0
430,456,0
500,110,0
523,1072,0
109,389,0
219,1147,0
192,847,0
201,22,0
309,648,0
603,6,0
550,1309,0
645,691,0
65,1048,0
376,962,0
340,1406,0
531,1476,0
496,12,0
31,1504,0
307,1418,0
705,143,0
241,1249,0
340,834,0
118,344,0
166,1411,0
134,1185,0
37,646,0
498,295,0
579,1455,0
32,775,0
345,810,0
666,1454,0
340,522,0
362,1184,0
650,73,0
531,674,0
250,608,0
350,242,0
145,397,0
527,1481,0
249,649,0
629,1190,0
427,1310,0
146,1225,0
450,826,0
687,160,0
28,1255,0
410,1023,0
128,1392,0
416,1291,0
115,1183,0
366,354,0
644,828,0
169,1025,0
573,210,0
124,39,0
325,949,0
205,673,0
415,248,0
88,1172,0
385,1010,0
306,927,0
387,50,0
620,139,0
218,801,0
338,1180,0
14,1010,0
144,1396,0
381,1258,0
101,637,0
280,174,0
207,1126,0
677,1486,0
576,235,0
267,791,0
269,1191,0
444,1108,0
357,1403,0
382,22,0
211,1359,0
681,1277,0
43,19,0
491,1403,0
481,758,0
408,1129,0
385,218,0
663,467,0
417,543,0
256,698,0
567,550,0
513,765,0
201,779,0
284,586,0
372,433,0
440,1151,0
608,211,0
427,1378,0
328,993,0
168,935,0
144,1106,0
28,844,0
518,1440,0
583,609,0
209,442,0
488,1216,0
460,191,0
646,238,0
598,471,0
7,361,0
615,1204,0
493,436,0
654,730,0
39,1504,0
144,1101,0
427,1468,0
628,748,0
556,584,0
544,1225,0
13,1229,0
619,174,0
534,44,0
148,502,0
13,581,0
321,1272,0
23,972,0
452,476,0
67,868,0
624,1439,0
595,1008,0
702,1015,0
76,691,0
326,1398,0
373,899,0
586,872,0
178,382,0
9,541,0
514,1080,0
578,556,0
107,577,0
597,563,0
659,1336,0
614,641,0
300,724,0
247,210,0
458,438,0
697,12,0
28,15,0
526,114,0
302,995,0
358,534,0
698,639,0
534,1063,0
190,378,0
14,1422,0
567,470,0
249,705,0
588,480,0
36,1289,0
25,961,0
33,751,0
411,113,0
151,138,0
459,986,0
418,280,0
271,427,0
181,335,0
558,1351,0
106,369,0
398,985,0
661,459,0
640,1121,0
633,1132,0
40,191,0
54,496,0
545,550,0
425,1065,0
226,38,0
543,958,0
459,1373,0
568,1367,0
59,1311,0
697,600,0
510,150,0
464,855,0
530,773,0
298,1261,0
690,1475,0
637,568,0
122,646,0
465,919,0
498,28,0
196,130,0
229,122,0
198,1484,0
318,97,0
9,708,0
301,1329,0
365,388,0
601,979,0
698,411,0
427,1284,0
364,1275,0
156,1063,0
419,526,0
10,1311,0
15,1306,0
304,854,0
574,184,0
500,1468,0
498,318,0
404,865,0
175,378,0
52,346,0
362,1000,0
230,1451,0
626,796,0
645,1139,0
357,1337,0
506,1204,0
110,688,0
592,1056,0
597,666,0
179,382,0
295,1136,0
139,1302,0
300,971,0
586,847,0
24,318,0
360,665,0
391,470,0
202,430,0
67,835,0
89,994,0
217,1370,0
456,136,0
459,1084,0
406,1095,0
619,177,0
117,110,0
428,382,0
516,1291,0
311,1225,0
182,151,0
642,1110,0
116,1437,0
38,96,0
423,93,0
390,1204,0
504,677,0
73,1258,0
197,833,0
332,223,0
101,1311,0
70,753,0
657,1159,0
453,308,0
220,819,0
343,1406,0
673,589,0
590,1346,0
198,286,0
119,132,0
356,958,0
560,1101,0
101,1171,0
252,419,0
459,196,0
597,348,0
608,281,0
98,940,0
356,259,0
606,1419,0
619,833,0
165,802,0
400,46,0
601,879,0
248,220,0
364,503,0
289,182,0
673,803,0
306,574,0
110,1275,0
409,440,0
594,255,0
136,741,0
429,1109,0
545,440,0
49,783,0
613,402,0
335,209,0
321,128,0
372,184,0
702,1205,0
530,13,0
97,1382,0
527,1087,0
537,726,0
280,1480,0
329,624,0
516,312,0
411,907,0
119,997,0
164,940,0
537,706,0
150,1393,0
268,835,0
10,319,0
609,702,0
36,75,0
295,1015,0
440,908,0
304,774,0
524,1214,0
540,765,0
220,775,0
519,719,0
10,103,0
387,528,0
131,721,0
635,68,0
672,1351,0
242,706,0
300,1317,0
245,1430,0
560,1240,0
432,750,0
440,948,0
559,1383,0
648,1046,0
0,999,0
228,1438,0
369,440,0
251,1291,0
125,37,0
235,307,0
56,57,0
90,1030,0
525,1140,0
557,1066,0
264,475,0
380,560,0
645,1336,0
656,252,0
219,233,0
205,550,0
453,584,0
591,120,0
171,3,0
52,26,0
334,656,0
672,14,0
583,14,0
482,643,0
424,506,0
483,186,0
354,1221,0
311,868,0
216,55,0
307,1500,0
384,1341,0
707,734,0
144,1451,0
590,617,0
152,1245,0
388,1245,0
538,44,0
644,498,0
274,1173,0
170,1111,0
518,1255,0
230,635,0
149,1261,0
198,905,0
12,528,0
232,691,0
574,1246,0
189,338,0
218,774,0
373,1160,0
40,282,0
0,1500,0
300,49,0
671,931,0
237,469,0
656,1128,0
312,46,0
2,554,0
673,996,0
522,1021,0
705,499,0
627,119,0
163,836,0
552,1009,0
488,164,0
505,1187,0
58,1304,0
591,122,0
453,364,0
572,568,0
62,1103,0
66,727,0
81,1087,0
325,15,0
308,265,0
333,769,0
577,540,0
302,1483,0
644,1291,0
21,820,0
632,332,0
105,1332,0
5,330,0
483,461,0
578,421,0
451,257,0
396,1376,0
174,1305,0
279,1061,0
109,482,0
427,102,0
49,82,0
662,1368,0
400,425,0
172,407,0
152,532,0
99,1423,0
436,109,0
693,867,0
658,952,0
569,1482,0
367,191,0
297,458,0
226,785,0
478,977,0
291,194,0
585,1383,0
428,93,0
216,1442,0
672,1092,0
220,954,0
143,419,0
10,1171,0
302,588,0
75,802,0
441,1497,0
609,463,0
424,714,0
380,969,0
253,988,0
114,1394,0
286,960,0
0,531,0
185,1243,0
553,1121,0
407,638,0
507,1373,0
688,344,0
497,706,0
586,785,0
319,128,0
457,1368,0
205,1502,0
486,227,0
419,1316,0
11,1042,0
667,419,0
545,526,0
701,1445,0
149,518,0
94,1319,0
436,402,0
58,556,0
215,1271,0
550,703,0
363,76,0
279,208,0
642,1397,0
534,28,0
317,463,0
446,1353,0
276,81,0
493,286,0
517,647,0
290,1421,0
181,450,0
477,1285,0
542,160,0
151,504,0
347,1027,0
214,905,0
334,477,0
328,301,0
343,1050,0
483,114,0
9,29,0
390,332,0
249,508,0
612,589,0
591,1063,0
69,1326,0
683,1040,0
158,311,0
300,633,0
127,720,0
245,885,0
25,756,0
593,684,0
74,1067,0
699,994,0
315,472,0
272,526,0
316,57,0
88,718,0
376,492,0
670,398,0
409,920,0
87,528,0
575,1293,0
469,558,0
353,1094,0
208,805,0
58,372,0
555,656,0
36,469,0
376,1082,0
67,1326,0
85,1161,0
588,235,0
271,1298,0
76,907,0
97,419,0
326,424,0
368,489,0
525,847,0
566,1016,0
533,182,0
27,547,0
459,325,0
541,987,0
216,1423,0
285,213,0
601,529,0
273,999,0
457,834,0
13,530,0
42,117,0
430,285,0
470,1409,0
642,994,0
626,677,0
20,850,0
580,929,0
292,1278,0
445,1480,0
699,862,0
657,985,0
465,251,0
372,538,0
312,93,0
110,1466,0
149,859,0
167,1026,0
385,96,0
683,1321,0
204,612,0
177,860,0
523,1346,0
427,154,0
2,79,0
404,145,0
55,1311,0
85,1223,0
337,455,0
654,914,0
693,1183,0
78,124,0
678,1063,0
378,500,0
26,668,0
296,324,0
193,918,0
107,1051,0
392,710,0
175,11,0
181,1186,0
465,1066,0
158,914,0
131,1281,0
329,721,0
440,576,0
421,226,0
433,1453,0
387,1122,0
226,373,0
336,281,0
328,1111,0
445,1021,0
369,951,0
373,746,0
656,651,0
330,457,0
39,347,0
569,806,0
403,1160,0
58,1039,0
179,1021,0
507,945,0
442,1018,0
175,438,0
445,1066,0
575,656,0
79,1008,0
338,109,0
278,608,0
419,1454,0
687,452,0
296,1326,0
192,960,0
380,94,0
189,1372,0
376,463,0
255,1203,0
78,1170,0
470,1278,0
456,960,0
607,284,0
633,1226,0
499,1032,0
700,43,0
314,1027,0
213,752,0
313,1078,0
685,741,0
293,218,0
567,847,0
485,530,0
234,1134,0
530,591,0
265,1503,0
620,320,0
398,575,0
324,974,0
343,1074,0
56,1053,0
306,855,0
686,1439,0
51,1338,0
686,91,0
389,873,0
508,1072,0
112,87,0
34,370,0
678,1075,0
368,149,0
638,1405,0
352,140,0
92,1022,0
214,130,0
446,1315,0
688,44,0
215,177,0
679,1198,0
192,435,0
381,1468,0
128,973,0
657,1125,0
467,733,0
153,538,0
465,321,0
626,882,0
667,336,0
652,700,0
436,1077,0
464,438,0
271,1375,0
17,1331,0
13,1143,0
273,266,0
25,1296,0
522,496,0
170,1029,0
130,1001,0
595,1096,0
273,859,0
51,1337,0
388,155,0
89,1137,0
71,235,0
1,760,0
180,323,0
38,1216,0
530,401,0
629,1065,0
361,684,0
492,565,0
357,83,0
292,920,0
308,1206,0
283,1357,0
45,1461,0
0,689,0
22,629,0
162,1511,0
34,988,0
5,2,0
201,847,0
391,504,0
20,1420,0
172,1500,0
632,663,0
23,542,0
272,569,0
94,702,0
465,61,0
584,1199,0
396,1176,0
217,894,0
252,74,0
323,459,0
605,158,0
694,14,0
218,472,0
571,801,0
678,749,0
509,876,0
667,341,0
252,1441,0
613,360,0
347,1317,0
343,1079,0
412,1063,0
571,3,0
641,378,0
304,599,0
471,965,0
463,442,0
105,317,0
202,244,0
495,915,0
20,570,0
160,1283,0
507,1112,0
137,837,0
564,1487,0
128,795,0
91,1075,0
365,200,0
421,429,0
19,1240,0
148,497,0
474,34,0
340,727,0
586,1419,0
346,755,0
56,292,0
329,462,0
618,278,0
326,1015,0
221,1414,0
347,1380,0
375,221,0
10,751,0
402,600,0
398,32,0
704,626,0
268,897,0
64,603,0
433,1336,0
119,541,0
71,648,0
352,1265,0
279,1154,0
482,618,0
258,1356,0
619,899,0
67,574,0
160,295,0
0,912,0
527,168,0
256,10,0
99,388,0
106,602,0
375,205,0
599,1232,0
519,1191,0
76,288,0
284,1485,0
4,1146,0
1,1003,0
116,746,0
58,1328,0
200,1168,0
36,192,0
211,1052,0
218,1033,0
591,731,0
631,1076,0
376,1115,0
93,1067,0
428,275,0
466,728,0
575,1406,0
98,210,0
330,259,0
325,1492,0
654,535,0
256,181,0
151,1030,0
311,447,0
686,227,0
52,1409,0
446,139,0
83,1144,0
239,929,0
394,823,0
325,1087,0
527,1198,0
681,766,0
495,833,0
72,263,0
237,1169,0
688,1265,0
396,851,0
415,602,0
145,35,0
209,77,0
233,1425,0
454,814,0
278,1365,0
331,1366,0
376,960,0
229,1175,0
443,352,0
369,567,0
240,1108,0
556,1496,0
554,703,0
36,1423,0
622,942,0
485,36,0
277,1322,0
560,382,0
395,819,0
597,1252,0
361,1311,0
8,137,0
306,1193,0
489,1087,0
486,491,0
477,331,0
483,1400,0
461,669,0
681,409,0
341,933,0
126,1436,0
411,1196,0
94,789,0
214,173,0
45,65,0
554,975,0
151,1214,0
25,346,0
639,341,0
594,157,0
666,1097,0
638,629,0
167,912,0
180,1315,0
71,527,0
685,1060,0
500,39,0
682,1509,0
686,7,0
538,89,0
347,1481,0
148,6,0
268,161,0
636,702,0
111,19,0
448,1386,0
618,13,0
79,297,0
2,300,0
488,13,0
140,1503,0
323,733,0
200,1038,0
670,1188,0
102,683,0
140,360,0
435,1258,0
370,50,0
174,116,0
272,403,0
689,808,0
650,178,0
280,271,0
217,252,0
409,958,0
318,229,0
352,1138,0
211,1067,0
674,506,0
344,1103,0
427,710,0
343,188,0
80,234,0
262,1429,0
693,1114,0
524,308,0
206,811,0
156,518,0
647,1317,0
609,124,0
312,1263,0
247,344,0
494,1400,0
371,406,0
687,1272,0
302,1440,0
415,933,0
527,817,0
354,870,0
14,1190,0
315,402,0
262,23,0
500,54,0
654,647,0
207,1207,0
657,397,0
17,92,0
672,182,0
329,1123,0
241,437,0
537,634,0
405,1319,0
243,673,0
11,1272,0
583,1114,0
423,50,0
103,478,0
90,1486,0
202,1251,0
214,1117,0
228,1088,0
655,1374,0
116,573,0
31,965,0
104,703,0
20,660,0
674,293,0
249,584,0
324,380,0
8,178,0
212,757,0
516,836,0
235,547,0
392,290,0
131,160,0
377,453,0
318,262,0
369,391,0
95,1033,0
668,990,0
316,1308,0
272,628,0
48,1275,0
280,698,0
372,1055,0
531,582,0
542,396,0
83,267,0
518,892,0
551,1040,0
491,372,0
628,183,0
614,1358,0
315,132,0
459,954,0
449,1475,0
109,1235,0
527,356,0
590,1170,0
300,311,0
464,976,0
435,428,0
350,760,0
271,753,0
224,766,0
416,1343,0
389,864,0
130,701,0
501,488,0
378,1367,0
589,772,0
691,762,0
209,1034,0
40,337,0
88,901,0
215,1277,0
14,390,0
219,1349,0
278,1201,0
142,770,0
687,1501,0
403,581,0
166,1363,0
123,854,0
324,507,0
612,437,0
276,131,0
281,103,0
2,589,0
448,988,0
276,334,0
555,410,0
194,638,0
465,1173,0
304,1164,0
21,271,0
439,512,0
582,234,0
457,300,0
326,439,0
49,1250,0
146,377,0
490,1402,0
215,698,0
613,722,0
62,95,0
494,591,0
0,885,0
548,280,0
342,802,0
28,96,0
71,1403,0
276,114,0
578,894,0
284,578,0
398,324,0
559,1158,0
220,312,0
452,1150,0
82,393,0
178,123,0
380,247,0
304,302,0
557,1392,0
612,974,0
241,315,0
461,1124,0
577,385,0
445,237,0
189,303,0
289,294,0
664,228,0
86,311,0
705,26,0
433,15,0
590,579,0
244,574,0
610,687,0
231,1276,0
588,1420,0
4,1066,0
150,491,0
528,28,0
455,1208,0
310,628,0
479,838,0
611,18,0
249,660,0
614,795,0
260,980,0
200,375,0
345,658,0
314,1424,0
693,1,0
167,1141,0
507,722,0
415,89,0
189,503,0
109,943,0
343,625,0
651,1032,0
216,481,0
655,144,0
666,198,0
90,596,0
697,538,0
420,19,0
195,1383,0
298,1156,0
635,1467,0
134,1069,0
396,170,0
602,363,0
663,1065,0
621,679,0
643,836,0
70,1084,0
343,471,0
604,1336,0
334,480,0
556,395,0
695,468,0
324,780,0
204,1432,0
486,1199,0
389,906,0
208,617,0
118,1193,0
345,1337,0
252,1485,0
184,884,0
260,814,0
91,594,0
531,635,0
336,693,0
433,1098,0
645,534,0
442,805,0
40,127,0
97,1322,0
505,722,0
20,543,0
293,26,0
462,283,0
544,216,0
67,535,0
226,65,0
541,651,0
637,136,0
649,816,0
259,1383,0
167,958,0
675,1013,0
582,1078,0
623,293,0
49,826,0
516,1092,0
245,369,0
300,762,0
90,1214,0
221,989,0
285,1367,0
470,970,0
463,227,0
129,643,0
183,364,0
18,1452,0
430,736,0
357,341,0
602,1439,0
363,544,0
59,507,0
178,955,0
330,170,0
517,1387,0
75,1054,0
283,435,0
198,504,0
354,1293,0
357,1409,0
70,1244,0
476,470,0
486,453,0
666,257,0
239,143,0
54,945,0
508,208,0
252,837,0
59,1097,0
487,227,0
614,221,0
465,1417,0
315,868,0
159,743,0
317,291,0
502,381,0
572,281,0
276,967,0
49,1394,0
613,1097,0
213,754,0
24,1239,0
249,1436,0
117,385,0
660,829,0
295,1411,0
489,1419,0
446,1025,0
352,153,0
362,1260,0
495,1440,0
546,137,0
323,783,0
45,475,0
320,1072,0
683,383,0
665,674,0
492,1154,0
449,1149,0
626,1369,0
430,1368,0
415,1485,0
605,1137,0
607,881,0
346,892,0
367,594,0
416,163,0
465,1005,0
697,859,0
480,952,0
568,96,0
410,687,0
216,1338,0
32,499,0
301,430,0
656,726,0
484,375,0
253,893,0
288,1186,0
691,782,0
305,891,0
609,133,0
289,490,0
190,137,0
230,381,0
463,1090,0
49,686,0
358,96,0
398,839,0
152,153,0
651,944,0
43,146,0
697,15,0
173,1165,0
343,444,0
160,774,0
564,449,0
257,286,0
19,58,0
511,791,0
379,675,0
116,1194,0
174,294,0
627,189,0
627,739,0
149,433,0
328,759,0
285,648,0
431,567,0
287,1095,0
50,1125,0
657,782,0
238,284,0
278,933,0
191,1216,0
224,1116,0
451,1203,0
116,48,0
279,953,0
293,498,0
331,502,0
481,535,0
368,684,0
622,1033,0
641,283,0
179,792,0
241,729,0
386,842,0
510,1443,0
620,1310,0
21,1060,0
299,788,0
278,480,0
569,1121,0
228,117,0
588,1054,0
704,725,0
145,908,0
646,6,0
621,21,0
674,861,0
512,1492,0
197,529,0
602,1379,0
415,748,0
388,476,0
430,622,0
231,1225,0
654,864,0
267,489,0
499,634,0
518,1451,0
16,401,0
365,838,0
412,588,0
617,1391,0
469,594,0
554,1485,0
622,1082,0
248,1043,0
280,1345,0
281,1401,0
216,1408,0
367,963,0
24,638,0
199,489,0
126,22,0
298,759,0
47,395,0
630,121,0
266,614,0
617,534,0
570,687,0
481,607,0
406,1088,0
449,883,0
145,912,0
650,1051,0
347,84,0
565,779,0
166,61,0
226,107,0
253,561,0
150,772,0
493,1504,0
586,263,0
343,491,0
278,122,0
45,1355,0
257,180,0
454,615,0
457,1185,0
378,659,0
196,1508,0
534,981,0
491,25,0
683,500,0
339,216,0
678,660,0
543,679,0
6,455,0
707,45,0
489,279,0
441,311,0
201,356,0
192,785,0
438,426,0
419,824,0
683,852,0
150,302,0
76,1010,0
86,1432,0
158,607,0
315,1003,0
553,1460,0
320,427,0
300,1275,0
172,89,0
538,269,0
487,610,0
642,754,0
63,700,0
345,1220,0
650,581,0
297,1117,0
381,208,0
660,1244,0
502,1331,0
268,962,0
55,1086,0
492,889,0
322,1252,0
324,1497,0
415,980,0
670,966,0
127,1162,0
321,388,0
326,1511,0
614,497,0
121,1014,0
446,1451,0
288,563,0
463,162,0
136,156,0
395,387,0
11,481,0
342,1286,0
148,1430,0
506,1323,0
21,1459,0
220,564,0
689,1208,0
12,1247,0
391,282,0
662,875,0
569,266,0
145,1028,0
460,61,0
555,374,0
418,1044,0
538,152,0
98,236,0
498,1424,0
550,73,0
670,466,0
476,662,0
161,696,0
151,13,0
90,319,0
706,1088,0
161,1096,0
289,50,0
394,687,0
131,1124,0
230,127,0
539,1362,0
322,807,0
606,567,0
257,899,0
416,154,0
111,311,0
203,999,0
272,489,0
328,417,0
242,1363,0
72,369,0
508,562,0
123,1461,0
614,77,0
503,803,0
446,1261,0
673,712,0
516,1336,0
160,1395,0
570,418,0
515,802,0
594,968,0
134,626,0
229,1436,0
669,471,0
273,1285,0
267,1447,0
698,1444,0
252,1048,0
633,102,0
235,1321,0
426,681,0
467,85,0
419,1444,0
534,851,0
368,1031,0
503,775,0
639,318,0
383,369,0
51,134,0
42,1503,0
398,647,0
569,335,0
240,159,0
374,1420,0
138,1113,0
673,1496,0
400,1206,0
603,1361,0
494,486,0
684,1172,0
367,459,0
411,1430,0
663,851,0
644,697,0
273,1344,0
401,23,0
644,199,0
517,731,0
593,509,0
635,2,0
356,1113,0
200,1013,0
63,666,0
507,130,0
465,434,0
353,1501,0
203,310,0
424,1241,0
586,1476,0
300,1174,0
494,779,0
130,806,0
408,194,0
99,1429,0
4,84,0
453,517,0
668,939,0
363,1170,0
604,853,0
702,1086,0
93,493,0
426,900,0
276,382,0
524,459,0
700,845,0
364,702,0
567,923,0
531,488,0
626,675,0
631,489,0
250,1083,0
391,693,0
301,1075,0
511,925,0
245,1006,0
351,1012,0
253,1076,0
554,1049,0
396,1370,0
581,1314,0
517,871,0
183,116,0
668,1091,0
432,727,0
76,1197,0
75,92,0
73,360,0
290,318,0
654,380,0
47,1189,0
430,599,0
84,475,0
83,1126,0
555,750,0
426,151,0
495,258,0
342,799,0
192,1288,0
593,1309,0
415,174,0
23,767,0
698,989,0
515,757,0
88,297,0
398,718,0
619,716,0
691,234,0
677,537,0
325,631,0
154,443,0
322,1002,0
390,309,0
611,1216,0
495,122,0
280,629,0
186,612,0
442,575,0
17,40,0
126,486,0
503,1010,0
509,912,0
480,1017,0
591,1241,0
278,1232,0
54,857,0
460,496,0
627,1389,0
383,677,0
46,506,0
169,129,0
349,144,0
598,54,0
226,196,0
97,238,0
32,502,0
601,261,0
321,961,0
300,1373,0
197,334,0
264,1101,0
287,457,0
681,948,0
418,930,0
584,791,0
59,886,0
84,288,0
680,1210,0
14,1064,0
148,1348,0
425,786,0
399,125,0
283,1249,0
549,691,0
457,924,0
175,240,0
267,574,0
227,357,0
502,338,0
529,696,0
690,1411,0
568,220,0
491,1471,0
491,861,0
190,228,0
704,942,0
348,862,0
563,59,0
266,920,0
591,415,0
250,817,0
561,176,0
648,112,0
380,1377,0
529,930,0
156,847,0
74,1460,0
484,642,0
151,1454,0
1,690,0
195,1269,0
639,1244,0
349,1059,0
482,362,0
364,270,0
380,438,0
330,739,0
229,783,0
603,1099,0
609,201,0
569,795,0
311,1214,0
527,1211,0
702,1289,0
470,186,0
112,226,0
1,1358,0
497,768,0
354,1115,0
179,40,0
556,609,0
448,648,0
439,242,0
198,1017,0
25,418,0
166,964,0
585,930,0
581,360,0
506,1386,0
315,921,0
590,483,0
57,1101,0
100,1339,0
201,1386,0
53,375,0
648,720,0
117,977,0
365,83,0
74,520,0
594,824,0
53,463,0
505,1231,0
446,607,0
296,175,0
364,758,0
647,1071,0
114,9,0
140,29,0
207,315,0
527,1011,0
552,650,0
655,1481,0
120,346,0
153,636,0
258,1394,0
361,496,0
409,1483,0
70,1167,0
172,586,0
148,850,0
606,1424,0
536,1123,0
459,1032,0
405,171,0
337,308,0
277,325,0
624,222,0
4,415,0
262,66,0
451,544,0
70,1321,0
640,1010,0
561,733,0
571,21,0
625,99,0
609,880,0
15,507,0
541,332,0
545,1056,0
398,221,0
50,968,0
31,1111,0
276,477,0
520,10,0
350,604,0
97,964,0
516,613,0
453,412,0
531,1447,0
514,1137,0
678,100,0
298,969,0
385,1081,0
695,124,0
77,342,0
315,200,0
491,1226,0
414,1490,0
139,623,0
531,716,0
580,648,0
693,959,0
346,344,0
393,75,0
22,1393,0
294,173,0
276,502,0
637,380,0
617,1082,0
411,743,0
589,1152,0
519,219,0
545,80,0
403,852,0
378,262,0
323,1428,0
104,516,0
71,565,0
603,1256,0
186,1068,0
454,1461,0
630,876,0
310,1073,0
131,748,0
266,478,0
544,662,0
21,459,0
265,615,0
89,1511,0
390,1147,0
647,1467,0
7,583,0
571,1478,0
60,39,0
503,1362,0
565,566,0
425,552,0
668,1353,0
209,358,0
661,115,0
624,1433,0
442,1495,0
165,425,0
2,7,0
167,365,0
405,1346,0
679,722,0
202,871,0
68,552,0
111,646,0
594,1187,0
402,29,0
450,62,0
55,1045,0
34,30,0
277,1229,0
64,349,0
46,125,0
477,39,0
442,1406,0
230,151,0
201,502,0
193,1301,0
331,1291,0
262,543,0
638,684,0
686,668,0
500,83,0
672,54,0
658,177,0
700,1294,0
527,343,0
75,192,0
450,64,0
269,6,0
426,465,0
371,85,0
124,1413,0
34,182,0
431,441,0
95,897,0
165,518,0
239,595,0
251,163,0
210,1149,0
75,143,0
169,52,0
443,236,0
84,542,0
542,1262,0
140,1075,0
192,1022,0
224,352,0
558,106,0
244,202,0
181,1212,0
451,673,0
538,474,0
16,1414,0
396,965,0
165,34,0
463,927,0
56,1301,0
121,371,0
395,1252,0
400,787,0
505,51,0
251,898,0
332,581,0
554,839,0
570,1011,0
690,1066,0
451,699,0
670,928,0
295,141,0
412,1236,0
666,333,0
168,689,0
246,436,0
205,1345,0
48,251,0
397,579,0
626,719,0
175,651,0
108,600,0
102,976,0
386,332,0
229,864,0
484,617,0
178,585,0
400,789,0
38,725,0
456,898,0
555,86,0
580,242,0
157,99,0
591,185,0
209,1022,0
304,315,0
257,808,0
541,439,0
190,381,0
238,1429,0
240,1462,0
697,576,0
554,658,0
581,1414,0
295,1508,0
312,1091,0
19,178,0
169,807,0
573,368,0
375,1495,0
582,622,0
27,1225,0
492,810,0
605,1060,0
419,219,0
144,786,0
567,951,0
536,1150,0
329,252,0
10,1479,0
437,803,0
442,665,0
295,1458,0
136,379,0
47,41,0
591,1511,0
365,1210,0
445,1407,0
195,1056,0
623,1313,0
694,1116,0
492,105,0
374,522,0
239,1295,0
228,687,0
576,605,0
180,843,0
91,1372,0
242,453,0
239,787,0
612,888,0
364,782,0
697,785,0
449,1438,0
279,1295,0
560,462,0
33,1324,0
196,771,0
208,1219,0
153,750,0
420,106,0
121,1058,0
466,1364,0
148,420,0
445,890,0
216,1053,0
333,706,0
541,130,0
3,818,0
46,541,0
516,187,0
619,641,0
546,542,0
84,1355,0
216,682,0
35,1186,0
224,1241,0
257,11,0
197,26,0
135,1201,0
227,1188,0
457,464,0
622,1051,0
498,633,0
656,629,0
269,1420,0
658,972,0
256,342,0
343,330,0
570,1443,0
542,327,0
555,282,0
544,437,0
100,579,0
112,1415,0
18,874,0
451,1185,0
441,1420,0
476,109,0
33,1146,0
545,899,0
2,585,0
588,420,0
279,193,0
638,250,0
256,376,0
108,1410,0
315,19,0
533,262,0
509,1097,0
201,534,0
452,863,0
161,1049,0
206,1031,0
50,1161,0
116,879,0
56,921,0
682,894,0
318,1376,0
694,1455,0
126,973,0
33,521,0
360,881,0
500,1196,0
127,363,0
14,132,0
70,103,0
525,257,0
305,910,0
58,1418,0
18,156,0
704,1500,0
434,42,0
278,63,0
362,496,0
180,494,0
176,582,0
317,818,0
368,1462,0
328,194,0
607,604,0
658,391,0
251,701,0
161,459,0
77,1199,0
575,364,0
704,1477,0
492,1122,0
511,1242,0
10,1189,0
510,145,0
217,411,0
126,699,0
101,1334,0
71,900,0
210,1123,0
399,740,0
240,483,0
680,1251,0
387,398,0
561,259,0
616,375,0
601,606,0
84,1328,0
415,961,0
617,407,0
661,159,0
30,545,0
675,175,0
57,221,0
674,174,0
577,367,0
160,300,0
182,529,0
377,1171,0
577,503,0
280,924,0
309,1127,0
111,1240,0
554,250,0
395,1209,0
116,1417,0
462,1383,0
444,306,0
566,1077,0
702,167,0
381,575,0
605,819,0
17,457,0
699,1489,0
577,156,0
526,732,0
419,90,0
505,471,0
188,715,0
434,1010,0
21,419,0
221,1120,0
51,1168,0
281,961,0
660,803,0
373,590,0
136,80,0
385,650,0
643,1028,0
634,1229,0
677,923,0
111,1172,0
604,217,0
619,103,0
484,1209,0
544,857,0
478,904,0
570,1332,0
597,868,0
246,1320,0
443,565,0
195,643,0
288,53,0
236,133,0
95,1377,0
142,195,0
151,1457,0
528,1240,0
579,213,0
25,1451,0
518,463,0
534,1,0
697,1481,0
189,135,0
110,899,0
241,629,0
307,195,0
581,833,0
261,899,0
491,1487,0
351,393,0
556,1012,0
562,737,0
402,399,0
304,1217,0
268,1042,0
297,499,0
491,443,0
567,1113,0
316,21,0
426,243,0
318,622,0
660,1175,0
211,583,0
248,43,0
364,190,0
270,729,0
641,1176,0
322,1210,0
623,1127,0
527,1032,0
486,928,0
12,748,0
182,468,0
260,121,0
515,623,0
498,253,0
554,950,0
648,1115,0
233,940,0
495,236,0
356,823,0
640,539,0
660,142,0
508,1164,0
270,3,0
683,192,0
161,1028,0
685,1473,0
56,1294,0
601,354,0
431,300,0
470,664,0
402,493,0
237,216,0
272,472,0
419,798,0
19,578,0
141,194,0
575,1286,0
565,1327,0
133,238,0
173,496,0
671,6,0
32,253,0
20,355,0
505,446,0
180,512,0
667,630,0
230,79,0
296,883,0
40,329,0
488,1087,0
554,259,0
71,741,0
329,1274,0
471,922,0
656,1080,0
550,1187,0
626,246,0
25,894,0
292,911,0
707,1237,0
522,635,0
407,184,0
621,393,0
92,1,0
300,139,0
429,210,0
590,539,0
505,705,0
493,569,0
470,745,0
631,10,0
283,468,0
481,803,0
682,205,0
278,665,0
310,79,0
367,1459,0
66,877,0
21,964,0
658,105,0
446,1194,0
108,464,0
184,274,0
156,915,0
273,581,0
141,825,0
600,438,0
462,209,0
525,621,0
680,631,0
14,176,0
194,456,0
9,934,0
344,138,0
670,1437,0
248,626,0
413,123,0
612,1364,0
101,228,0
279,441,0
647,241,0
204,1278,0
395,1026,0
194,259,0
285,849,0
153,920,0
133,541,0
245,668,0
38,663,0
613,1046,0
284,785,0
385,777,0
600,494,0
586,81,0
417,1156,0
172,1313,0
233,630,0
79,1434,0
705,1436,0
280,1377,0
691,889,0
223,919,0
226,1324,0
543,113,0
368,906,0
600,1365,0
184,1292,0
700,1120,0
229,1357,0
98,913,0
555,348,0
427,1263,0
510,836,0
637,720,0
261,908,0
628,1356,0
384,145,0
458,919,0
478,387,0
34,722,0
555,167,0
637,205,0
423,403,0
30,155,0
49,792,0
348,628,0
416,820,0
560,684,0
562,281,0
281,536,0
145,383,0
82,318,0
4,244,0
22,944,0
283,321,0
198,561,0
531,206,0
682,1349,0
13,1013,0
8,951,0
181,222,0
505,3,0
206,1021,0
601,912,0
55,752,0
669,703,0
342,542,0
232,2,0
235,1042,0
145,710,0
556,160,0
365,1494,0
469,994,0
156,481,0
697,796,0
143,448,0
428,932,0
578,1051,0
481,296,0
213,175,0
480,1276,0
494,1092,0
138,211,0
547,1355,0
573,47,0
515,1303,0
571,526,0
692,362,0
270,1443,0
462,845,0
538,233,0
191,1264,0
351,1352,0
485,945,0
482,1037,0
513,1135,0
409,1387,0
537,1181,0
440,135,0
432,100,0
415,1386,0
477,708,0
184,968,0
641,1487,0
114,858,0
689,1236,0
550,983,0
705,100,0
26,1003,0
167,1217,0
410,1069,0
323,308,0
86,656,0
321,414,0
416,425,0
390,1031,0
314,1237,0
473,961,0
8,1056,0
40,522,0
423,825,0
222,239,0
72,1348,0
318,781,0
395,1432,0
578,396,0
520,808,0
486,357,0
538,411,0
465,259,0
537,458,0
196,981,0
176,765,0
578,925,0
479,577,0
33,837,0
48,239,0
550,1027,0
201,426,0
359,1497,0
343,223,0
156,10,0
236,1459,0
510,1279,0
223,194,0
450,324,0
261,784,0
502,1229,0
281,1488,0
548,1094,0
50,717,0
570,1012,0
659,989,0
82,1406,0
19,715,0
181,1489,0
398,167,0
614,1038,0
692,673,0
561,596,0
238,541,0
263,1181,0
38,769,0
18,1031,0
236,999,0
300,903,0
551,381,0
542,1118,0
528,330,0
24,680,0
378,869,0
402,1375,0
274,264,0
82,107,0
460,952,0
340,1138,0
292,436,0
514,1047,0
357,295,0
530,630,0
677,1354,0
36,1144,0
460,1184,0
365,527,0
480,846,0
116,1040,0
555,510,0
1,103,0
390,1445,0
679,870,0
31,1148,0
427,1365,0
379,1369,0
160,915,0
193,767,0
684,963,0
93,87,0
141,310,0
584,1437,0
538,1438,0
195,905,0
452,1207,0
432,443,0
92,828,0
297,534,0
691,1302,0
401,1273,0
190,747,0
609,104,0
201,395,0
130,651,0
274,615,0
138,672,0
384,726,0
147,1369,0
81,1474,0
530,1057,0
316,1191,0
70,440,0
363,193,0
673,848,0
175,96,0
95,1339,0
200,1198,0
568,473,0
698,617,0
271,390,0
152,741,0
200,740,0
624,1334,0
569,395,0
276,533,0
547,434,0
684,83,0
657,419,0
140,1286,0
703,22,0
315,772,0
8,1027,0
154,1409,0
330,202,0
359,1130,0
91,354,0
264,310,0
560,1255,0
246,26,0
685,1103,0
29,783,0
345,12,0
333,1273,0
376,886,0
51,1095,0
542,1474,0
310,358,0
685,107,0
170,643,0
397,883,0
7,1046,0
269,516,0
684,597,0
524,978,0
239,640,0
36,1401,0
313,132,0
625,842,0
128,222,0
207,1215,0
99,656,0
117,694,0
472,1274,0
57,113,0
353,55,0
176,1379,0
535,592,0
227,477,0
86,600,0
277,795,0
567,1454,0
210,82,0
27,645,0
200,238,0
650,1443,0
548,505,0
456,683,0
329,213,0
84,1181,0
666,1291,0
282,1210,0
292,1135,0
462,1296,0
99,1282,0
152,742,0
307,214,0
166,887,0
55,325,0
451,409,0
703,750,0
450,714,0
446,878,0
50,1295,0
551,1047,0
655,1266,0
655,125,0
699,1205,0
376,200,0
516,1143,0
349,97,0
437,164,0
593,165,0
586,342,0
694,708,0
642,664,0
497,962,0
188,700,0
476,207,0
419,1070,0
488,250,0
281,717,0
505,1296,0
73,616,0
655,1050,0
356,1089,0
523,815,0
345,1391,0
381,840,0
188,557,0
237,53,0
471,436,0
342,884,0
402,115,0
373,885,0
705,1092,0
369,439,0
61,126,0
171,1399,0
364,710,0
306,14,0
699,943,0
2,31,0
665,18,0
702,615,0
60,100,0
51,531,0
519,1285,0
455,763,0
225,890,0
543,1441,0
334,432,0
38,1094,0
176,138,0
27,1014,0
134,947,0
177,1255,0
179,61,0
363,1338,0
613,1072,0
214,1316,0
198,1339,0
495,871,0
313,938,0
294,795,0
530,1022,0
293,1022,0
623,471,0
610,472,0
399,574,0
569,779,0
641,357,0
384,1149,0
348,1225,0
264,0,0
533,883,0
576,63,0
132,746,0
59,756,0
265,555,0
0,1488,0
456,1158,0
312,1256,0
666,773,0
133,1052,0
329,1272,0
649,1349,0
211,1390,0
635,673,0
599,777,0
298,1303,0
589,682,0
469,961,0
366,646,0
481,910,0
197,1206,0
173,1103,0
465,1447,0
107,351,0
675,1497,0
402,158,0
621,1509,0
558,1023,0
268,1399,0
557,1295,0
16,490,0
176,193,0
295,796,0
79,168,0
393,64,0
409,50,0
216,1120,0
528,737,0
285,338,0
234,223,0
214,915,0
459,149,0
497,1279,0
54,1462,0
73,166,0
326,49,0
46,540,0
90,1328,0
223,1070,0
515,803,0
543,482,0
306,441,0
581,185,0
483,1109,0
407,192,0
217,819,0
197,711,0
249,303,0
392,48,0
641,125,0
90,1098,0
451,330,0
377,583,0
18,1192,0
690,822,0
397,1267,0
76,591,0
645,952,0
43,1222,0
327,506,0
274,1101,0
703,257,0
600,1478,0
161,878,0
652,124,0
234,897,0
434,1511,0
394,5,0
450,188,0
193,1135,0
667,1243,0
10,598,0
426,434,0
535,902,0
496,792,0
167,1504,0
646,382,0
487,331,0
389,1162,0
58,378,0
638,673,0
419,659,0
675,520,0
215,235,0
139,518,0
463,1301,0
701,794,0
30,809,0
672,60,0
304,814,0
437,749,0
14,221,0
141,705,0
677,589,0
424,237,0
676,1033,0
267,477,0
134,1212,0
460,448,0
617,619,0
182,219,0
481,1359,0
338,462,0
327,799,0
574,760,0
556,170,0
701,341,0
528,269,0
615,1436,0
246,1273,0
477,973,0
677,1101,0
591,909,0
602,450,0
649,1143,0
352,1281,0
147,623,0
509,213,0
234,524,0
344,1501,0
309,263,0
486,1349,0
409,1148,0
111,692,0
146,1166,0
528,1153,0
671,774,0
119,1078,0
311,1072,0
95,836,0
661,127,0
461,1201,0
693,215,0
177,481,0
580,279,0
367,91,0
424,624,0
697,1505,0
333,320,0
115,1319,0
238,1382,0
239,184,0
187,273,0
323,677,0
497,1192,0
491,38,0
226,1066,0
484,1189,0
641,1086,0
119,637,0
130,1353,0
270,350,0
413,42,0
303,1086,0
566,93,0
167,1062,0
548,1039,0
381,40,0
299,1360,0
542,1469,0
253,166,0
488,369,0
80,1471,0
107,1087,0
580,653,0
580,1423,0
139,206,0
505,449,0
694,618,0
167,1475,0
473,707,0
92,346,0
539,105,0
640,573,0
56,220,0
243,1333,0
145,66,0
394,833,0
275,1034,0
110,1173,0
638,710,0
256,1166,0
693,803,0
187,1297,0
662,524,0
91,1459,0
614,639,0
374,1026,0
64,316,0
167,356,0
221,151,0
158,266,0
28,416,0
567,714,0
114,880,0
415,1126,0
86,381,0
704,357,0
68,1256,0
94,1485,0
564,1112,0
550,37,0
202,280,0
695,1340,0
425,1066,0
220,593,0
643,1380,0
239,372,0
8,145,0
659,1248,0
473,187,0
407,1449,0
411,42,0
339,682,0
80,63,0
124,554,0
421,277,0
553,1065,0
514,1113,0
619,1140,0
404,181,0
512,80,0
287,1097,0
446,752,0
58,470,0
71,897,0
284,134,0
569,1217,0
654,274,0
147,439,0
138,1070,0
564,206,0
330,771,0
223,731,0
581,326,0
412,142,0
227,1307,0
93,823,0
652,1306,0
212,1037,0
663,1205,0
362,295,0
10,1265,0
603,1420,0
568,54,0
213,739,0
253,611,0
328,450,0
265,1389,0
585,296,0
226,267,0
410,683,0
479,1503,0
24,686,0
591,1234,0
561,120,0
76,962,0
63,118,0
438,495,0
473,320,0
115,50,0
601,1419,0
407,761,0
545,633,0
665,270,0
680,298,0
109,696,0
413,254,0
678,1283,0
132,1398,0
19,549,0
5,590,0
498,49,0
407,1026,0
121,474,0
582,1233,0
245,811,0
427,1396,0
528,1328,0
46,644,0
464,331,0
13,1312,0
125,97,0
241,3,0
265,1509,0
39,1076,0
606,323,0
4,1090,0
686,739,0
401,1061,0
485,648,0
678,1382,0
428,1196,0
345,1263,0
361,1333,0
133,1099,0
387,1274,0
224,928,0
637,672,0
345,1118,0
247,328,0
521,820,0
178,853,0
636,1064,0
16,123,0
219,61,0
698,846,0
705,996,0
3,1233,0
656,788,0
39,1384,0
535,1045,0
445,656,0
697,1262,0
487,1463,0
40,800,0
662,670,0
317,1502,0
305,994,0
213,1460,0
389,1257,0
364,146,0
82,381,0
183,463,0
166,1013,0
414,200,0
75,406,0
570,717,0
173,1144,0
382,1388,0
288,971,0
138,509,0
541,1155,0
488,351,0
154,428,0
472,500,0
332,897,0
451,1357,0
476,199,0
514,244,0
475,319,0
245,1493,0
412,961,0
214,1333,0
23,675,0
383,1426,0
424,443,0
176,1078,0
457,1408,0
121,1217,0
68,857,0
31,222,0
41,796,0
64,607,0
56,254,0
8,1308,0
702,109,0
406,1313,0
163,1369,0
673,521,0
148,1443,0
544,520,0
191,812,0
577,785,0
225,1258,0
213,384,0
470,1295,0
392,868,0
453,884,0
394,464,0
390,1221,0
339,1392,0
636,1391,0
234,104,0
445,464,0
530,271,0
629,1067,0
39,1016,0
162,886,0
340,597,0
259,129,0
201,454,0
67,1404,0
4,1291,0
190,658,0
644,533,0
247,1292,0
107,74,0
67,580,0
408,722,0
465,1199,0
509,1258,0
244,909,0
454,266,0
460,1044,0
655,977,0
485,1128,0
553,139,0
577,249,0
553,1372,0
337,644,0
314,217,0
563,1436,0
28,84,0
672,1374,0
329,51,0
298,640,0
136,1454,0
634,53,0
652,1434,0
87,983,0
580,1190,0
498,127,0
79,1215,0
166,886,0
318,153,0
645,794,0
343,1041,0
57,484,0
404,1321,0
465,161,0
239,213,0
341,1492,0
503,14,0
491,145,0
523,572,0
53,1487,0
570,789,0
559,90,0
663,1029,0
153,937,0
227,154,0
611,616,0
391,226,0
494,73,0
484,58,0
301,1397,0
644,791,0
246,1107,0
62,1465,0
46,787,0
473,794,0
289,846,0
520,792,0
458,833,0
678,573,0
705,739,0
309,341,0
421,1051,0
317,196,0
513,1319,0
82,1250,0
575,988,0
688,50,0
328,331,0
410,1202,0
145,392,0
219,746,0
517,1136,0
32,22,0
487,1394,0
177,1222,0
151,1093,0
153,243,0
137,27,0
164,1402,0
60,349,0
19,1155,0
337,1191,0
167,954,0
61,1301,0
690,1421,0
400,326,0
158,556,0
688,943,0
481,295,0
239,1110,0
148,190,0
600,314,0
278,1114,0
551,92,0
93,12,0
139,1132,0
446,93,0
412,578,0
50,799,0
306,16,0
482,497,0
707,875,0
341,1064,0
633,1376,0
360,1261,0
145,253,0
564,1048,0
554,569,0
646,894,0
574,1243,0
184,1409,0
562,1454,0
653,580,0
96,1284,0
433,1429,0
315,1042,0
271,1003,0
213,233,0
701,893,0
684,192,0
242,1442,0
642,1452,0
486,98,0
372,66,0
499,579,0
60,634,0
27,965,0
270,1316,0
453,95,0
510,332,0
112,1479,0
394,1233,0
598,150,0
59,766,0
425,1385,0
616,158,0
41,426,0
205,642,0
47,349,0
284,712,0
299,149,0
311,844,0
405,1316,0
71,519,0
260,1103,0
246,477,0
115,13,0
18,46,0
682,409,0
487,109,0
77,1270,0
350,908,0
535,928,0
352,1459,0
93,255,0
410,1006,0
123,1047,0
434,238,0
519,841,0
386,37,0
167,1128,0
458,674,0
338,325,0
33,1439,0
67,1428,0
206,110,0
420,82,0
575,1399,0
706,198,0
467,996,0
297,1230,0
349,116,0
95,645,0
397,593,0
438,705,0
117,1251,0
649,1471,0
374,337,0
534,265,0
143,876,0
601,1380,0
577,17,0
327,621,0
325,1098,0
621,1250,0
625,491,0
498,376,0
642,237,0
627,1052,0
29,1436,0
694,768,0
422,153,0
543,1412,0
255,91,0
143,719,0
462,563,0
250,249,0
685,129,0
285,1494,0
84,1453,0
260,252,0
217,68,0
566,323,0
514,716,0
662,84,0
681,1079,0
578,837,0
55,1380,0
534,269,0
77,135,0
431,156,0
111,562,0
530,1044,0
677,328,0
703,794,0
212,1028,0
571,291,0
670,472,0
285,447,0
582,452,0
135,78,0
154,6,0
544,506,0
317,588,0
704,756,0
453,624,0
402,345,0
617,1195,0
314,393,0
130,719,0
57,468,0
347,125,0
36,261,0
134,759,0
638,903,0
608,1492,0
43,1240,0
515,440,0
417,46,0
609,1306,0
635,1314,0
121,1127,0
354,619,0
185,1202,0
68,984,0
95,1240,0
296,779,0
141,1387,0
375,1428,0
64,1223,0
694,663,0
384,789,0
368,118,0
386,1336,0
236,1064,0
453,1492,0
384,861,0
640,1507,0
565,1372,0
340,1322,0
173,1097,0
63,1012,0
421,256,0
47,855,0
250,384,0
66,776,0
166,952,0
141,82,0
165,722,0
289,1131,0
439,954,0
498,616,0
242,1155,0
153,1483,0
215,421,0
391,569,0
600,208,0
576,596,0
687,709,0
608,650,0
81,773,0
528,817,0
633,616,0
425,1510,0
236,1149,0
29,975,0
544,1168,0
597,40,0
430,700,0
492,227,0
510,263,0
615,126,0
451,1491,0
627,225,0
183,38,0
146,1012,0
376,423,0
648,42,0
327,986,0
681,371,0
611,1460,0
218,230,0
311,1242,0
61,1468,0
322,413,0
626,1060,0
220,994,0
556,140,0
614,1251,0
17,1045,0
591,312,0
508,85,0
468,30,0
516,1128,0
57,1497,0
143,192,0
289,1419,0
154,1463,0
610,1367,0
421,1426,0
399,1035,0
414,179,0
236,947,0
457,738,0
664,1136,0
487,1380,0
112,1224,0
245,282,0
369,417,0
90,230,0
545,1217,0
531,413,0
29,370,0
290,927,0
531,485,0
480,995,0
195,112,0
248,33,0
681,318,0
457,115,0
310,1418,0
69,806,0
411,154,0
466,33,0
455,577,0
346,926,0
267,1111,0
674,1110,0
329,1500,0
172,629,0
124,623,0
417,1264,0
274,696,0
64,1335,0
690,555,0
343,1142,0
434,731,0
200,1258,0
346,740,0
523,1411,0
484,579,0
33,291,0
508,335,0
502,1464,0
581,706,0
130,120,0
394,713,0
706,76,0
703,1056,0
34,843,0
555,626,0
621,98,0
326,1302,0
154,955,0
432,418,0
474,896,0
415,1065,0
447,19,0
335,24,0
24,628,0
216,1148,0
495,762,0
562,43,0
5,1239,0
416,1318,0
521,282,0
64,274,0
98,820,0
581,841,0
121,479,0
120,1075,0
385,807,0
527,287,0
417,1356,0
177,1497,0
22,790,0
159,1256,0
117,273,0
96,60,0
583,124,0
545,805,0
553,776,0
347,1181,0
297,617,0
14,329,0
206,195,0
518,791,0
661,705,0
604,843,0
133,1143,0
189,1331,0
64,15,0
451,311,0
92,551,0
638,382,0
232,638,0
56,599,0
90,602,0
161,508,0
4,477,0
663,757,0
611,942,0
413,146,0
253,186,0
394,633,0
545,776,0
74,1288,0
95,322,0
226,449,0
39,534,0
500,560,0
689,1102,0
583,1235,0
152,691,0
313,393,0
620,613,0
513,766,0
597,471,0
391,846,0
478,174,0
591,833,0
644,1020,0
363,52,0
267,1396,0
386,663,0
704,764,0
442,1262,0
614,1342,0
62,500,0
95,1298,0
644,606,0
471,811,0
174,494,0
26,1006,0
608,234,0
459,386,0
98,1443,0
401,599,0
227,1117,0
324,958,0
13,732,0
544,1108,0
51,695,0
110,1137,0
401,843,0
631,714,0
630,1462,0
228,549,0
25,439,0
348,739,0
642,1347,0
625,532,0
274,914,0
284,1092,0
359,970,0
593,149,0
298,1075,0
471,784,0
480,1430,0
622,1259,0
54,1041,0
150,1124,0
447,443,0
8,592,0
28,314,0
327,21,0
289,1321,0
358,861,0
135,1017,0
494,1253,0
641,434,0
226,1483,0
153,1331,0
433,382,0
508,1470,0
699,292,0
462,169,0
575,727,0
531,980,0
234,946,0
208,782,0
602,1034,0
653,525,0
334,2,0
577,163,0
231,763,0
546,98,0
141,630,0
637,940,0
591,1039,0
672,701,0
55,208,0
186,652,0
33,1208,0
29,894,0
506,829,0
505,563,0
59,166,0
303,104,0
112,10,0
549,237,0
609,24,0
357,190,0
466,242,0
368,1321,0
245,1352,0
181,651,0
595,955,0
595,1036,0
136,748,0
144,1410,0
424,1510,0
420,1442,0
373,1397,0
426,1024,0
121,1197,0
315,810,0
320,1103,0
177,1507,0
545,43,0
697,26,0
511,181,0
345,1255,0
66,671,0
294,848,0
36,1431,0
340,1264,0
30,133,0
215,123,0
330,810,0
618,101,0
167,171,0
423,187,0
265,663,0
61,368,0
555,834,0
276,947,0
420,806,0
140,1400,0
52,1233,0
59,752,0
264,691,0
358,647,0
551,705,0
86,354,0
635,355,0
156,329,0
317,151,0
452,1370,0
652,40,0
604,413,0
594,1422,0
303,777,0
621,1364,0
150,281,0
243,1311,0
410,1437,0
191,119,0
377,599,0
660,581,0
512,998,0
395,422,0
480,1164,0
201,213,0
427,434,0
608,516,0
47,1178,0
271,976,0
382,1194,0
427,1053,0
543,925,0
502,28,0
437,1252,0
492,1472,0
647,419,0
193,1497,0
445,1285,0
370,846,0
606,648,0
34,196,0
4,1267,0
284,1425,0
113,1500,0
87,1504,0
230,752,0
87,930,0
465,431,0
465,513,0
627,846,0
215,33,0
437,809,0
164,621,0
654,966,0
424,414,0
246,648,0
279,304,0
362,476,0
104,1154,0
697,52,0
499,439,0
212,992,0
72,854,0
301,141,0
40,979,0
334,1479,0
572,1076,0
337,1481,0
205,917,0
142,228,0
75,805,0
122,1151,0
376,119,0
604,320,0
606,41,0
51,1040,0
641,544,0
380,1380,0
645,194,0
534,622,0
392,1132,0
508,280,0
667,447,0
510,406,0
518,1022,0
517,266,0
511,1148,0
357,445,0
18,837,0
143,468,0
181,1400,0
463,27,0
90,813,0
44,246,0
322,1311,0
435,406,0
225,67,0
353,312,0
107,1472,0
541,991,0
233,4,0
187,1335,0
139,1445,0
505,240,0
18,1365,0
359,885,0
146,361,0
270,346,0
377,851,0
476,312,0
213,1246,0
164,843,0
87,297,0
681,110,0
585,1423,0
684,696,0
576,212,0
525,894,0
255,1473,0
702,831,0
495,354,0
585,1102,0
261,95,0
451,150,0
178,57,0
486,1012,0
27,673,0
541,877,0
303,874,0
568,80,0
534,398,0
447,799,0
310,253,0
613,916,0
327,1146,0
342,189,0
342,1432,0
645,916,0
363,1504,0
694,1074,0
703,770,0
549,1051,0
597,1351,0
552,310,0
266,633,0
33,572,0
495,499,0
162,992,0
677,1392,0
313,702,0
165,1092,0
499,925,0
160,50,0
48,1195,0
43,105,0
319,1284,0
344,532,0
181,1064,0
68,532,0
434,7,0
512,948,0
261,494,0
608,888,0
400,736,0
134,687,0
497,337,0
56,421,0
329,1212,0
693,585,0
331,1364,0
666,362,0
306,210,0
267,48,0
233,1236,0
584,706,0
69,511,0
669,1413,0
664,959,0
305,273,0
139,1181,0
423,1236,0
266,213,0
291,231,0
176,101,0
426,1174,0
583,691,0
215,472,0
398,1159,0
688,596,0
73,938,0
529,1427,0
316,6,0
178,774,0
565,1264,0
602,1127,0
575,1485,0
534,328,0
158,1430,0
606,311,0
17,179,0
434,717,0
244,922,0
102,368,0
695,860,0
27,525,0
225,545,0
181,1167,0
27,358,0
256,809,0
149,728,0
234,676,0
25,590,0
91,329,0
452,969,0
491,719,0
168,123,0
14,134,0
570,986,0
526,801,0
488,917,0
340,428,0
241,63,0
317,1282,0
150,61,0
506,1280,0
532,848,0
198,366,0
169,1498,0
482,361,0
332,1415,0
575,464,0
303,215,0
54,961,0
494,476,0
617,223,0
82,806,0
262,113,0
457,445,0
176,850,0
691,686,0
426,1093,0
416,705,0
128,931,0
6,1189,0
370,977,0
385,722,0
692,1360,0
106,1317,0
155,601,0
186,42,0
449,323,0
307,1028,0
367,1145,0
232,1154,0
18,556,0
468,1288,0
535,636,0
667,871,0
265,230,0
133,296,0
676,375,0
618,1090,0
12,945,0
576,990,0
250,731,0
68,652,0
649,690,0
359,138,0
475,884,0
434,718,0
306,634,0
665,112,0
621,424,0
249,645,0
24,785,0
378,953,0
455,1023,0
628,1036,0
633,931,0
84,1332,0
393,842,0
304,929,0
100,621,0
267,640,0
135,119,0
22,299,0
428,1032,0
677,402,0
679,245,0
442,625,0
395,235,0
656,1166,0
576,390,0
304,284,0
353,533,0
32,1416,0
637,520,0
444,1000,0
154,591,0
682,661,0
483,1240,0
92,869,0
46,1328,0
623,1328,0
512,622,0
686,880,0
295,667,0
500,748,0
355,425,0
0,831,0
253,1450,0
295,882,0
439,689,0
365,971,0
668,848,0
620,1135,0
561,385,0
66,1249,0
166,615,0
648,1475,0
435,986,0
247,937,0
449,1074,0
315,495,0
695,7,0
605,862,0
374,373,0
37,983,0
181,1354,0
473,871,0
373,1153,0
512,581,0
311,1352,0
95,541,0
509,1334,0
360,123,0
325,1182,0
284,140,0
254,1231,0
633,1056,0
34,1292,0
439,904,0
628,917,0
148,303,0
212,96,0
65,178,0
349,294,0
537,488,0
213,1473,0
125,88,0
342,381,0
331,162,0
559,1299,0
528,781,0
388,12,0
507,1018,0
700,288,0
642,1005,0
353,15,0
350,744,0
663,1099,0
206,404,0
689,1320,0
201,1003,0
665,835,0
53,1267,0
461,984,0
461,218,0
36,459,0
447,1073,0
5,1290,0
640,783,0
520,1464,0
213,150,0
375,729,0
177,348,0
144,236,0
457,1182,0
452,1480,0
125,1120,0
686,792,0
328,1363,0
19,571,0
335,574,0
374,1239,0
466,1036,0
46,1479,0
440,1342,0
179,811,0
36,729,0
546,1209,0
608,839,0
618,222,0
628,1503,0
60,1031,0
260,635,0
305,897,0
554,410,0
518,1473,0
214,595,0
488,1374,0
526,418,0
94,1503,0
240,881,0
176,1225,0
11,1215,0
577,44,0
378,1196,0
354,788,0
10,261,0
623,1128,0
322,703,0
249,1414,0
315,270,0
106,351,0
424,1170,0
263,1209,0
401,1372,0
334,1059,0
85,548,0
32,513,0
161,1435,0
89,82,0
395,1416,0
85,814,0
43,23,0
63,269,0
271,320,0
477,804,0
359,1383,0
435,902,0
700,423,0
188,147,0
178,283,0
447,354,0
377,156,0
690,735,0
188,923,0
138,1403,0
367,869,0
447,930,0
259,82,0
586,654,0
587,1085,0
42,613,0
35,1475,0
161,1268,0
41,309,0
137,842,0
389,544,0
268,1198,0
104,182,0
401,580,0
296,1450,0
640,819,0
140,675,0
335,1344,0
223,1381,0
610,395,0
592,144,0
655,665,0
87,1463,0
291,741,0
90,413,0
504,367,0
577,510,0
575,376,0
623,1334,0
502,1170,0
230,672,0
648,969,0
270,854,0
534,1419,0
617,1296,0
583,373,0
565,1497,0
259,944,0
384,1484,0
332,653,0
55,243,0
174,1322,0
23,1099,0
148,1073,0
675,1145,0
278,486,0
133,159,0
322,790,0
428,1052,0
24,1037,0
166,905,0
466,569,0
246,1141,0
539,493,0
125,492,0
412,614,0
589,1085,0
425,815,0
565,496,0
12,1199,0
268,512,0
436,657,0
116,309,0
254,42,0
626,997,0
98,1173,0
525,922,0
447,426,0
700,1232,0
133,1117,0
161,487,0
216,278,0
58,781,0
677,1252,0
463,560,0
339,1114,0
605,1036,0
382,1076,0
146,1117,0
657,248,0
200,237,0
572,212,0
315,439,0
341,138,0
174,1228,0
233,676,0
423,126,0
420,864,0
116,1316,0
88,119,0
481,204,0
117,503,0
22,10,0
13,839,0
393,953,0
437,411,0
460,998,0
10,1057,0
303,755,0
135,392,0
73,817,0
288,377,0
650,1086,0
409,1147,0
678,958,0
214,462,0
453,1061,0
557,806,0
318,758,0
614,348,0
286,518,0
88,731,0
626,140,0
256,786,0
461,1131,0
122,1068,0
490,442,0
425,167,0
282,233,0
270,706,0
190,1300,0
244,156,0
104,112,0
633,1438,0
379,605,0
214,460,0
343,1010,0
29,317,0
477,52,0
531,203,0
159,686,0
326,434,0
615,619,0
229,570,0
576,1067,0
549,560,0
700,905,0
99,568,0
309,969,0
138,1355,0
60,490,0
114,714,0
309,1012,0
298,577,0
240,163,0
560,1454,0
224,1017,0
137,711,0
187,1338,0
265,246,0
406,206,0
332,444,0
43,299,0
540,1061,0
38,688,0
103,1321,0
117,763,0
276,784,0
448,778,0
441,434,0
211,286,0
325,330,0
688,1399,0
705,10,0
671,255,0
484,131,0
110,1502,0
552,170,0
14,1187,0
508,766,0
601,396,0
620,891,0
25,463,0
283,442,0
380,682,0
223,953,0
113,647,0
625,1182,0
507,1107,0
266,799,0
194,869,0
646,929,0
448,1113,0
481,860,0
189,535,0
672,1329,0
485,187,0
571,1419,0
46,55,0
86,1194,0
314,1030,0
631,136,0
139,838,0
27,1027,0
186,933,0
352,407,0
219,176,0
585,1138,0
549,890,0
498,700,0
611,584,0
636,473,0
302,307,0
54,425,0
498,427,0
668,419,0
245,86,0
563,318,0
285,484,0
530,620,0
43,44,0
77,1180,0
341,357,0
635,1456,0
374,332,0
434,646,0
608,210,0
511,1298,0
589,108,0
26,296,0
535,115,0
214,1328,0
545,1011,0
473,60,0
639,332,0
601,807,0
604,447,0
517,908,0
216,1080,0
525,1340,0
288,885,0
128,544,0
45,584,0
283,290,0
148,350,0
20,1327,0
84,810,0
662,876,0
41,167,0
210,214,0
307,60,0
505,843,0
527,727,0
388,1392,0
109,454,0
646,1033,0
352,632,0
61,578,0
207,501,0
82,1313,0
400,764,0
161,215,0
369,306,0
652,533,0
86,490,0
42,388,0
377,402,0
305,1469,0
100,717,0
22,614,0
201,983,0
330,1040,0
357,261,0
525,395,0
604,1425,0
619,1092,0
324,926,0
395,1336,0
565,1385,0
19,1500,0
650,648,0
394,1330,0
19,597,0
248,237,0
432,1339,0
148,233,0
619,382,0
636,347,0
343,273,0
280,282,0
313,994,0
458,388,0
548,759,0
239,27,0
559,986,0
30,747,0
175,104,0
338,914,0
450,893,0
200,462,0
149,1185,0
236,1323,0
674,1293,0
398,246,0
704,173,0
228,90,0
595,859,0
174,619,0
130,121,0
530,1204,0
643,1146,0
428,371,0
592,805,0
108,3,0
595,36,0
326,543,0
43,1036,0
229,834,0
130,458,0
444,564,0
43,90,0
218,616,0
706,305,0
280,274,0
637,783,0
674,781,0
202,1453,0
16,756,0
6,1139,0
11,1398,0
104,795,0
7,506,0
610,5,0
620,132,0
444,484,0
309,164,0
329,43,0
130,216,0
36,933,0
632,1494,0
270,32,0
421,1206,0
231,1250,0
613,1243,0
34,401,0
191,1032,0
327,1267,0
11,1424,0
345,692,0
487,1269,0
543,52,0
444,591,0
627,101,0
341,432,0
362,996,0
679,606,0
602,130,0
568,327,0
563,1031,0
541,1347,0
48,712,0
513,1366,0
571,1175,0
614,464,0
460,398,0
109,723,0
195,1305,0
500,199,0
465,277,0
473,468,0
173,224,0
295,821,0
153,649,0
20,1377,0
243,1003,0
229,1096,0
412,139,0
324,413,0
631,1353,0
486,29,0
43,1354,0
293,883,0
314,33,0
539,626,0
391,933,0
146,741,0
443,330,0
210,1406,0
324,640,0
556,938,0
310,1067,0
495,240,0
371,120,0
219,297,0
316,842,0
156,98,0
639,530,0
672,569,0
353,1186,0
272,1337,0
336,1215,0
640,1476,0
148,745,0
329,145,0
35,972,0
33,1387,0
540,1270,0
654,339,0
267,359,0
375,1162,0
67,1320,0
327,1381,0
207,84,0
175,952,0
50,484,0
124,918,0
414,4,0
228,312,0
567,1433,0
143,1222,0
258,759,0
464,18,0
254,277,0
122,130,0
682,1450,0
516,614,0
621,931,0
51,100,0
283,227,0
410,625,0
348,734,0
508,912,0
640,473,0
624,423,0
375,1440,0
105,657,0
690,769,0
552,495,0
107,663,0
429,651,0
203,1177,0
486,1465,0
458,989,0
217,617,0
121,122,0
370,748,0
251,385,0
660,9,0
193,1315,0
481,1289,0
123,505,0
62,847,0
461,714,0
298,1076,0
676,1038,0
318,1076,0
58,1205,0
52,1344,0
586,1409,0
361,476,0
609,161,0
172,82,0
406,1075,0
436,612,0
672,1129,0
220,1134,0
130,365,0
95,1220,0
378,742,0
663,139,0
104,840,0
446,379,0
7,1324,0
565,702,0
416,46,0
640,1375,0
389,414,0
529,922,0
133,1163,0
487,971,0
11,767,0
391,491,0
518,1423,0
555,594,0
428,1171,0
242,1071,0
253,866,0
351,862,0
450,886,0
437,647,0
584,1431,0
157,568,0
484,1466,0
631,1097,0
439,214,0
5,813,0
413,211,0
405,1504,0
161,1292,0
692,1116,0
497,223,0
301,300,0
697,1178,0
448,746,0
530,461,0
69,234,0
522,93,0
494,821,0
658,402,0
605,818,0
138,118,0
413,987,0
447,1460,0
51,1037,0
565,1108,0
51,313,0
27,838,0
585,1430,0
209,473,0
493,1130,0
159,17,0
675,145,0
107,202,0
468,271,0
166,526,0
193,1000,0
83,376,0
388,1068,0
432,1013,0
474,1242,0
164,351,0
353,1047,0
121,1418,0
597,877,0
80,386,0
151,681,0
224,796,0
518,964,0
133,725,0
493,795,0
597,69,0
315,1244,0
555,1205,0
560,1351,0
13,463,0
543,973,0
305,1426,0
489,1236,0
162,460,0
553,142,0
664,931,0
143,111,0
14,1205,0
352,982,0
294,1295,0
377,568,0
486,639,0
290,7,0
105,1319,0
440,452,0
188,180,0
303,686,0
475,819,0
661,1416,0
596,334,0
532,722,0
706,24,0
367,646,0
667,750,0
609,1171,0
439,322,0
240,455,0
263,195,0
141,1305,0
453,17,0
211,718,0
391,1485,0
703,1029,0
336,1295,0
32,148,0
152,1463,0
271,634,0
342,742,0
168,1407,0
414,607,0
125,510,0
432,323,0
677,170,0
218,1121,0
605,441,0
255,858,0
127,1290,0
65,900,0
188,174,0
301,649,0
446,181,0
479,267,0
302,881,0
448,889,0
93,347,0
448,668,0
246,1163,0
66,576,0
223,78,0
694,128,0
411,206,0
201,425,0
363,1331,0
96,1366,0
377,432,0
65,944,0
178,228,0
71,888,0
577,550,0
304,146,0
360,183,0
698,494,0
161,44,0
694,237,0
575,1175,0
323,552,0
582,887,0
673,1009,0
582,270,0
69,1319,0
409,717,0
665,153,0
78,372,0
677,1185,0
75,1299,0
11,503,0
119,1463,0
96,1019,0
153,630,0
290,1273,0
569,121,0
268,742,0
382,662,0
589,180,0
117,333,0
217,206,0
238,912,0
286,1109,0
329,937,0
679,510,0
59,908,0
686,994,0
486,444,0
354,584,0
317,423,0
544,521,0
189,1312,0
367,1245,0
91,1061,0
678,913,0
308,449,0
236,11,0
403,52,0
638,99,0
230,950,0
272,350,0
484,639,0
259,978,0
589,1104,0
377,146,0
621,811,0
245,261,0
240,1315,0
600,184,0
512,1107,0
33,936,0
95,1062,0
435,1137,0
332,386,0
31,361,0
642,565,0
645,1133,0
47,1064,0
274,565,0
450,109,0
199,1329,0
458,144,0
278,10,0
686,143,0
593,596,0
193,1057,0
702,531,0
484,1167,0
197,1063,0
521,356,0
255,1127,0
453,1293,0
645,848,0
482,88,0
412,1507,0
353,145,0
286,237,0
425,249,0
464,797,0
100,303,0
242,1164,0
507,1289,0
649,268,0
126,409,0
283,1231,0
436,898,0
167,891,0
476,1029,0
477,220,0
10,957,0
593,1034,0
162,1264,0
287,1342,0
49,1467,0
618,185,0
384,1108,0
136,251,0
160,233,0
109,124,0
210,342,0
400,1127,0
99,1503,0
4,1207,0
411,426,0
297,552,0
200,1207,0
315,913,0
547,209,0
514,516,0
693,432,0
118,1187,0
301,828,0
624,1442,0
3,930,0
84,492,0
219,1288,0
81,358,0
619,1096,0
486,102,0
679,1448,0
125,1168,0
642,198,0
241,644,0
298,570,0
367,808,0
341,882,0
583,1443,0
445,693,0
25,1246,0
112,793,0
644,1339,0
412,344,0
696,29,0
93,1442,0
334,866,0
600,157,0
476,1166,0
574,1051,0
413,224,0
207,1486,0
469,749,0
555,1363,0
657,657,0
555,1017,0
204,480,0
441,440,0
10,106,0
258,771,0
44,151,0
468,1261,0
309,207,0
529,786,0
240,463,0
644,1352,0
491,276,0
432,368,0
9,218,0
295,206,0
554,970,0
676,940,0
41,1022,0
706,696,0
516,1116,0
409,1188,0
486,391,0
386,295,0
589,27,0
332,661,0
605,1140,0
331,50,0
48,1004,0
544,1359,0
368,268,0
455,104,0
358,296,0
466,79,0
315,601,0
568,97,0
481,331,0
356,1508,0
288,796,0
424,324,0
272,1395,0
116,1225,0
154,1479,0
481,815,0
406,1292,0
660,1120,0
683,90,0
151,717,0
254,785,0
275,1394,0
620,1325,0
55,260,0
340,678,0
240,1044,0
250,580,0
401,68,0
570,831,0
174,1172,0
50,1338,0
527,397,0
357,1336,0
236,642,0
184,226,0
239,1039,0
18,1470,0
683,119,0
278,267,0
31,387,0
363,1238,0
211,260,0
229,1326,0
389,138,0
512,277,0
266,1017,0
300,36,0
54,841,0
468,938,0
320,911,0
321,712,0
116,1068,0
77,278,0
310,1357,0
575,668,0
93,737,0
685,1282,0
154,461,0
425,286,0
580,542,0
132,693,0
502,357,0
84,1497,0
665,406,0
119,863,0
104,1282,0
346,383,0
29,1001,0
698,1368,0
678,585,0
23,855,0
380,1232,0
633,1483,0
623,1361,0
110,261,0
100,713,0
122,623,0
141,904,0
68,782,0
293,1067,0
218,1317,0
394,1333,0
404,193,0
354,815,0
700,732,0
190,523,0
312,1223,0
476,1216,0
406,685,0
88,997,0
633,965,0
294,729,0
506,1091,0
390,28,0
95,693,0
217,878,0
114,1251,0
165,1220,0
693,1145,0
641,526,0
182,214,0
118,144,0
320,1392,0
394,1410,0
667,112,0
252,436,0
495,1102,0
187,411,0
521,1352,0
700,644,0
132,5,0
179,366,0
16,1107,0
415,1162,0
655,875,0
662,1103,0
54,1012,0
67,1185,0
358,1110,0
186,133,0
14,1275,0
692,951,0
32,832,0
528,1318,0
403,700,0
582,1302,0
528,1264,0
100,67,0
470,1508,0
205,648,0
436,672,0
150,1158,0
397,806,0
395,515,0
422,410,0
620,1411,0
387,187,0
571,336,0
536,25,0
16,199,0
115,449,0
131,948,0
614,1466,0
658,1390,0
89,1474,0
701,942,0
9,74,0
406,1047,0
44,520,0
13,1031,0
28,1116,0
537,546,0
561,779,0
462,882,0
518,1343,0
47,368,0
551,864,0
289,137,0
386,1406,0
207,952,0
551,574,0
536,1483,0
512,177,0
114,1077,0
403,675,0
89,1342,0
500,1079,0
364,131,0
360,2,0
245,1026,0
104,106,0
297,787,0
428,465,0
350,32,0
651,1492,0
169,664,0
591,248,0
554,623,0
682,1224,0
221,674,0
612,704,0
216,1160,0
505,1491,0
337,1084,0
518,866,0
432,1267,0
467,488,0
214,586,0
648,456,0
425,1460,0
506,798,0
567,404,0
237,1295,0
7,241,0
156,1416,0
443,457,0
338,347,0
213,242,0
215,961,0
592,1170,0
338,413,0
275,1017,0
213,1114,0
582,314,0
489,829,0
385,1446,0
306,1213,0
571,1365,0
230,282,0
75,3,0
308,947,0
592,695,0
654,244,0
673,271,0
588,764,0
243,123,0
385,738,0
87,147,0
91,84,0
289,1410,0
336,315,0
567,579,0
100,1176,0
660,158,0
64,1046,0
304,35,0
267,1346,0
460,1393,0
203,150,0
460,927,0
354,388,0
408,1382,0
285,723,0
62,950,0
444,455,0
360,1234,0
443,255,0
231,260,0
388,305,0
23,4,0
396,389,0
341,1490,0
672,143,0
554,1365,0
195,1174,0
238,1112,0
628,324,0
682,1353,0
700,1181,0
35,1081,0
32,822,0
253,289,0
659,323,0
149,258,0
19,1357,0
595,1101,0
622,504,0
420,22,0
382,1444,0
157,78,0
151,1103,0
438,1374,0
77,1091,0
426,1209,0
549,247,0
617,1,0
246,925,0
501,843,0
