15,922,1
393,243,1
58,309,1
120,164,1
433,922,1
668,988,1
423,1166,1
175,407,1
588,374,1
431,430,1
101,256,1
240,108,1
694,330,1
420,739,1
401,408,1
182,460,1
125,256,1
443,256,1
537,271,1
499,241,1
85,493,1
686,278,1
128,271,1
292,940,1
190,150,1
662,26,1
310,1168,1
672,1167,1
444,194,1
120,84,1
384,78,1
569,26,1
595,720,1
257,394,1
228,12,1
153,73,1
455,374,1
509,150,1
627,922,1
423,1167,1
474,246,1
599,394,1
35,461,1
694,368,1
203,73,1
15,430,1
133,994,1
101,326,1
582,426,1
41,317,1
189,457,1
268,689,1
389,1375,1
156,302,1
537,696,1
573,317,1
564,60,1
343,366,1
58,194,1
426,142,1
329,256,1
446,207,1
123,613,1
651,124,1
678,256,1
669,922,1
135,285,1
30,58,1
97,574,1
455,461,1
123,328,1
382,311,1
575,48,1
298,218,1
595,67,1
16,430,1
532,573,1
393,358,1
565,527,1
46,1180,1
165,185,1
624,83,1
356,665,1
138,998,1
451,362,1
550,248,1
465,164,1
603,98,1
110,71,1
271,322,1
672,987,1
572,418,1
327,10,1
308,426,1
68,482,1
154,366,1
616,368,1
392,139,1
116,546,1
232,291,1
580,362,1
628,138,1
433,311,1
196,512,1
573,742,1
406,102,1
194,394,1
441,696,1
181,430,1
309,459,1
682,73,1
668,989,1
58,12,1
23,424,1
523,988,1
321,183,1
367,475,1
616,322,1
668,1167,1
120,461,1
329,164,1
433,183,1
643,108,1
526,186,1
130,49,1
506,322,1
371,83,1
616,330,1
433,1186,1
442,442,1
12,1169,1
341,108,1
561,681,1
523,987,1
423,421,1
251,201,1
316,256,1
289,164,1
92,461,1
332,99,1
138,993,1
314,1029,1
371,12,1
530,144,1
175,1174,1
473,295,1
311,591,1
71,244,1
520,26,1
236,25,1
251,814,1
19,119,1
306,988,1
170,916,1
553,242,1
271,993,1
671,26,1
603,394,1
617,423,1
175,288,1
302,12,1
524,139,1
43,1168,1
410,183,1
322,442,1
396,1166,1
35,223,1
579,636,1
587,459,1
325,358,1
183,987,1
317,326,1
48,374,1
316,288,1
145,435,1
640,315,1
694,288,1
504,648,1
251,10,1
363,67,1
251,150,1
552,48,1
599,98,1
50,330,1
455,263,1
120,561,1
60,311,1
25,1149,1
588,309,1
346,288,1
511,240,1
310,987,1
695,120,1
121,614,1
100,442,1
593,183,1
95,459,1
523,989,1
677,165,1
317,194,1
332,175,1
607,71,1
641,98,1
449,278,1
292,993,1
415,33,1
46,1176,1
69,278,1
97,10,1
678,12,1
694,165,1
101,461,1
6,124,1
357,916,1
88,150,1
616,194,1
444,326,1
520,49,1
93,243,1
40,296,1
637,18,1
20,538,1
144,71,1
50,12,1
579,545,1
544,278,1
87,374,1
185,328,1
580,278,1
499,998,1
89,440,1
564,232,1
2,170,1
616,328,1
315,289,1
138,380,1
680,765,1
340,165,1
130,322,1
639,605,1
312,164,1
93,232,1
654,246,1
561,48,1
623,290,1
564,326,1
343,328,1
97,119,1
650,423,1
575,407,1
694,223,1
148,83,1
528,1202,1
377,423,1
48,26,1
523,460,1
255,389,1
382,1183,1
624,368,1
132,1202,1
143,994,1
638,985,1
164,185,1
184,430,1
537,34,1
176,114,1
433,1185,1
626,256,1
0,75,1
477,435,1
310,1169,1
689,276,1
42,203,1
669,366,1
398,243,1
584,48,1
60,197,1
637,13,1
128,58,1
505,108,1
120,139,1
389,435,1
251,528,1
206,330,1
325,442,1
93,1173,1
523,1168,1
48,175,1
101,435,1
524,49,1
290,423,1
396,987,1
120,221,1
271,407,1
575,328,1
433,1184,1
168,549,1
13,98,1
567,328,1
537,279,1
25,102,1
221,654,1
35,374,1
175,430,1
272,435,1
339,246,1
541,241,1
141,13,1
569,288,1
340,164,1
466,175,1
370,43,1
496,253,1
322,358,1
72,278,1
631,483,1
264,243,1
368,19,1
483,940,1
616,49,1
225,288,1
521,1010,1
458,165,1
93,256,1
97,150,1
183,71,1
261,428,1
294,394,1
14,264,1
324,288,1
499,621,1
671,232,1
292,203,1
85,460,1
188,1138,1
596,421,1
683,64,1
185,165,1
559,459,1
229,459,1
252,288,1
204,10,1
299,1506,1
43,421,1
499,1151,1
644,242,1
458,98,1
588,435,1
299,1508,1
561,98,1
111,10,1
171,435,1
631,7,1
437,435,1
135,14,1
278,459,1
90,358,1
191,194,1
291,584,1
429,335,1
225,322,1
374,279,1
271,232,1
275,1154,1
62,135,1
93,407,1
74,460,1
220,640,1
125,358,1
228,278,1
61,48,1
477,12,1
264,358,1
346,164,1
171,288,1
550,505,1
422,459,1
574,366,1
206,12,1
225,165,1
624,309,1
10,494,1
234,852,1
291,986,1
219,108,1
175,26,1
524,288,1
520,322,1
16,243,1
85,985,1
184,278,1
123,164,1
433,1187,1
170,394,1
677,256,1
588,326,1
626,223,1
514,459,1
15,924,1
32,288,1
630,560,1
176,237,1
432,48,1
428,461,1
454,374,1
694,435,1
394,364,1
549,366,1
138,997,1
444,394,1
347,452,1
310,71,1
539,1202,1
202,243,1
521,613,1
349,101,1
661,641,1
199,857,1
618,16,1
344,237,1
93,322,1
206,435,1
454,263,1
550,452,1
545,265,1
631,113,1
301,33,1
46,1178,1
275,589,1
659,81,1
62,696,1
393,442,1
183,989,1
302,288,1
283,136,1
96,243,1
675,89,1
332,366,1
389,621,1
268,635,1
15,278,1
526,315,1
607,988,1
546,317,1
165,186,1
597,435,1
146,49,1
580,206,1
672,1166,1
382,514,1
383,102,1
260,67,1
433,1183,1
324,328,1
19,744,1
227,124,1
101,561,1
0,112,1
581,460,1
48,83,1
407,60,1
329,461,1
704,358,1
292,997,1
58,435,1
143,248,1
694,461,1
333,89,1
588,407,1
569,278,1
477,366,1
659,16,1
548,279,1
396,1169,1
93,430,1
165,360,1
469,102,1
580,225,1
123,394,1
48,326,1
523,1167,1
433,853,1
340,221,1
194,98,1
268,258,1
299,1505,1
245,164,1
437,362,1
373,49,1
183,302,1
101,139,1
473,188,1
573,460,1
133,940,1
346,368,1
593,311,1
185,435,1
597,223,1
160,309,1
614,459,1
148,223,1
131,175,1
233,10,1
634,497,1
138,994,1
529,223,1
16,358,1
662,322,1
495,119,1
549,430,1
330,430,1
126,273,1
7,459,1
299,985,1
420,289,1
23,6,1
58,326,1
123,326,1
441,279,1
291,362,1
275,448,1
346,256,1
64,108,1
457,459,1
49,223,1
579,624,1
176,43,1
340,374,1
569,49,1
172,206,1
310,1166,1
277,164,1
93,165,1
672,302,1
101,26,1
46,315,1
83,402,1
597,83,1
413,95,1
461,10,1
361,144,1
225,26,1
347,460,1
183,1170,1
623,460,1
292,996,1
115,1145,1
698,497,1
495,140,1
306,1168,1
76,358,1
110,1168,1
381,989,1
388,1166,1
251,1015,1
581,985,1
226,783,1
285,185,1
180,140,1
529,45,1
431,322,1
225,139,1
404,459,1
507,922,1
12,273,1
133,248,1
370,114,1
214,242,1
546,1381,1
148,164,1
405,10,1
368,119,1
428,442,1
148,330,1
261,150,1
371,326,1
31,114,1
16,26,1
254,276,1
697,1011,1
374,546,1
48,221,1
121,859,1
588,12,1
24,49,1
502,636,1
430,141,1
12,1167,1
293,73,1
691,243,1
356,745,1
101,309,1
550,998,1
2,453,1
680,696,1
624,194,1
140,380,1
366,124,1
64,322,1
340,328,1
123,98,1
391,320,1
151,475,1
262,400,1
120,379,1
259,988,1
188,150,1
506,26,1
160,256,1
429,346,1
283,417,1
294,98,1
564,194,1
61,426,1
459,99,1
271,248,1
546,48,1
542,185,1
344,150,1
544,366,1
228,164,1
238,1162,1
183,273,1
429,34,1
206,240,1
101,164,1
607,460,1
611,424,1
597,194,1
564,309,1
546,1382,1
594,854,1
597,326,1
85,472,1
423,1170,1
564,278,1
58,164,1
58,165,1
228,49,1
78,34,1
616,407,1
550,993,1
148,461,1
14,269,1
138,1202,1
35,263,1
424,127,1
292,995,1
183,1168,1
524,322,1
255,526,1
668,1166,1
573,625,1
83,248,1
23,546,1
552,98,1
354,581,1
255,433,1
292,430,1
361,922,1
441,1150,1
242,613,1
444,164,1
137,418,1
130,139,1
700,28,1
499,380,1
276,315,1
151,472,1
567,309,1
393,203,1
431,108,1
60,183,1
110,1167,1
297,115,1
388,989,1
211,124,1
546,2,1
101,194,1
622,2,1
627,924,1
183,1167,1
424,427,1
376,232,1
148,309,1
329,374,1
50,435,1
80,117,1
595,457,1
92,374,1
183,460,1
406,1148,1
122,67,1
509,429,1
72,430,1
12,1166,1
27,189,1
268,495,1
616,83,1
431,278,1
663,459,1
379,442,1
120,12,1
623,452,1
374,696,1
616,374,1
624,374,1
460,421,1
154,278,1
22,181,1
412,394,1
381,988,1
396,460,1
579,247,1
144,989,1
388,1169,1
122,73,1
428,175,1
502,33,1
436,115,1
110,989,1
23,279,1
567,430,1
458,461,1
696,243,1
388,988,1
36,426,1
4,430,1
597,328,1
174,48,1
5,33,1
368,140,1
217,440,1
325,243,1
271,1151,1
368,1502,1
442,243,1
19,1203,1
378,261,1
564,288,1
201,49,1
496,610,1
340,326,1
334,319,1
570,366,1
43,1167,1
125,309,1
242,165,1
575,288,1
495,10,1
592,98,1
423,1169,1
356,1172,1
172,259,1
388,421,1
86,144,1
144,1167,1
49,309,1
68,1055,1
424,362,1
692,58,1
244,150,1
302,256,1
99,145,1
654,278,1
546,238,1
146,322,1
569,583,1
539,509,1
616,232,1
660,246,1
560,119,1
573,238,1
101,232,1
597,288,1
271,26,1
10,423,1
351,58,1
685,394,1
588,330,1
616,164,1
442,358,1
62,102,1
75,185,1
631,523,1
281,185,1
477,83,1
110,987,1
335,423,1
388,71,1
592,394,1
586,330,1
109,407,1
352,675,1
50,309,1
175,139,1
588,461,1
96,442,1
141,359,1
329,435,1
48,461,1
367,273,1
564,407,1
144,1168,1
523,302,1
58,83,1
143,998,1
2,324,1
299,246,1
451,240,1
388,460,1
410,311,1
46,1179,1
524,26,1
310,1170,1
17,394,1
8,121,1
696,358,1
121,312,1
161,927,1
454,461,1
191,326,1
101,288,1
405,150,1
631,250,1
358,426,1
564,328,1
677,49,1
175,322,1
294,288,1
100,243,1
22,554,1
85,475,1
472,49,1
553,418,1
693,166,1
374,670,1
597,368,1
537,663,1
145,309,1
496,642,1
316,435,1
423,1168,1
585,243,1
367,302,1
144,302,1
379,243,1
138,996,1
368,10,1
276,186,1
179,10,1
434,450,1
671,322,1
26,694,1
621,435,1
271,49,1
486,242,1
48,288,1
396,1167,1
121,568,1
261,608,1
50,221,1
167,426,1
421,175,1
271,998,1
262,918,1
486,817,1
587,67,1
120,256,1
573,362,1
329,309,1
623,361,1
380,10,1
506,139,1
12,988,1
76,243,1
43,1169,1
111,364,1
469,696,1
148,256,1
144,1166,1
606,394,1
521,1009,1
581,273,1
31,82,1
601,460,1
376,322,1
364,10,1
581,472,1
140,67,1
661,67,1
64,1174,1
50,368,1
135,106,1
564,322,1
266,686,1
661,73,1
146,423,1
564,223,1
136,328,1
279,6,1
175,49,1
384,74,1
616,561,1
279,546,1
668,1170,1
492,417,1
356,518,1
433,852,1
514,1503,1
668,1169,1
243,26,1
463,119,1
588,256,1
269,459,1
43,987,1
251,140,1
306,1170,1
368,709,1
658,119,1
183,988,1
300,67,1
12,1170,1
12,987,1
496,140,1
38,402,1
253,459,1
22,419,1
621,45,1
395,98,1
396,989,1
691,278,1
388,1170,1
669,326,1
406,1149,1
87,461,1
444,288,1
361,605,1
376,49,1
151,493,1
93,26,1
291,470,1
536,1041,1
330,49,1
543,430,1
57,394,1
329,83,1
268,113,1
340,330,1
624,164,1
287,90,1
477,78,1
569,322,1
624,12,1
58,256,1
224,67,1
12,989,1
532,1181,1
16,442,1
329,326,1
469,357,1
115,858,1
564,435,1
22,260,1
93,528,1
15,366,1
93,49,1
631,484,1
68,512,1
303,108,1
521,545,1
120,26,1
668,1168,1
364,150,1
458,394,1
20,1060,1
431,99,1
374,6,1
12,302,1
93,1174,1
41,452,1
82,43,1
424,460,1
340,435,1
126,460,1
672,460,1
43,71,1
637,496,1
569,430,1
82,401,1
667,400,1
529,256,1
31,377,1
41,460,1
133,998,1
185,12,1
694,394,1
569,232,1
46,1038,1
511,175,1
658,608,1
82,237,1
275,1155,1
175,278,1
393,241,1
433,505,1
694,98,1
523,273,1
478,916,1
225,232,1
401,1150,1
618,138,1
672,71,1
170,288,1
485,461,1
507,924,1
314,426,1
491,10,1
236,300,1
8,984,1
151,302,1
574,175,1
588,194,1
508,617,1
190,738,1
306,1169,1
242,461,1
532,390,1
397,246,1
120,194,1
193,51,1
446,1006,1
64,49,1
566,49,1
295,461,1
48,194,1
363,457,1
537,765,1
433,1034,1
280,327,1
110,273,1
330,232,1
50,223,1
120,322,1
264,442,1
508,1196,1
10,493,1
483,6,1
65,440,1
499,505,1
669,430,1
400,435,1
32,328,1
86,515,1
569,256,1
50,374,1
396,988,1
255,285,1
57,98,1
144,421,1
316,278,1
22,449,1
521,394,1
110,988,1
431,366,1
12,421,1
376,26,1
48,368,1
329,165,1
226,81,1
122,320,1
381,852,1
345,108,1
567,256,1
123,407,1
346,60,1
238,1161,1
481,42,1
292,994,1
337,115,1
295,165,1
367,493,1
329,330,1
373,322,1
389,379,1
244,10,1
103,395,1
306,1167,1
289,309,1
2,530,1
58,374,1
94,857,1
669,64,1
616,461,1
43,988,1
120,326,1
375,383,1
607,1170,1
49,165,1
425,243,1
388,987,1
43,1166,1
2,318,1
319,380,1
333,1139,1
596,302,1
196,482,1
93,358,1
332,423,1
696,442,1
668,460,1
316,407,1
152,272,1
112,459,1
110,1170,1
299,494,1
411,10,1
295,263,1
228,435,1
310,988,1
468,656,1
631,486,1
48,322,1
281,516,1
151,460,1
257,98,1
185,256,1
101,49,1
14,990,1
553,183,1
594,108,1
340,194,1
607,1168,1
160,322,1
271,328,1
668,71,1
632,155,1
534,322,1
585,442,1
621,49,1
564,49,1
330,26,1
607,989,1
116,72,1
361,924,1
694,256,1
92,164,1
160,49,1
292,108,1
292,402,1
262,722,1
668,302,1
610,48,1
573,657,1
396,71,1
43,1170,1
348,108,1
616,435,1
120,328,1
60,460,1
110,302,1
607,987,1
160,26,1
616,309,1
148,165,1
454,165,1
529,309,1
321,311,1
71,459,1
286,546,1
396,273,1
158,31,1
694,326,1
154,430,1
669,278,1
64,1173,1
521,98,1
151,273,1
329,221,1
68,726,1
369,33,1
428,45,1
486,311,1
637,113,1
561,394,1
123,194,1
101,368,1
286,696,1
299,1164,1
616,175,1
567,164,1
31,401,1
64,26,1
273,73,1
541,435,1
289,256,1
63,28,1
201,232,1
424,266,1
423,71,1
398,358,1
12,1168,1
118,81,1
299,1504,1
271,139,1
271,241,1
300,457,1
548,357,1
588,288,1
703,164,1
511,362,1
694,221,1
83,88,1
144,1170,1
534,26,1
668,273,1
425,442,1
279,135,1
624,221,1
429,1006,1
392,26,1
70,346,1
225,256,1
22,439,1
195,435,1
423,988,1
641,394,1
678,435,1
126,302,1
631,487,1
109,288,1
365,10,1
14,991,1
172,225,1
496,94,1
338,423,1
622,459,1
536,123,1
130,26,1
295,374,1
658,39,1
585,572,1
310,273,1
554,94,1
650,26,1
213,394,1
260,320,1
339,916,1
498,322,1
120,309,1
703,288,1
136,407,1
597,374,1
48,256,1
624,326,1
341,19,1
332,362,1
624,139,1
48,139,1
255,286,1
164,189,1
638,1164,1
340,309,1
178,10,1
436,119,1
138,248,1
523,1169,1
50,256,1
573,1162,1
475,394,1
590,290,1
43,989,1
47,108,1
309,380,1
261,646,1
203,1202,1
477,221,1
280,637,1
508,39,1
463,33,1
52,108,1
201,139,1
243,322,1
613,218,1
76,442,1
448,256,1
141,258,1
242,98,1
144,273,1
425,358,1
48,165,1
62,6,1
567,288,1
433,108,1
101,322,1
225,430,1
626,309,1
255,200,1
667,279,1
587,196,1
24,322,1
624,561,1
243,49,1
49,368,1
595,673,1
69,430,1
616,256,1
265,394,1
35,368,1
93,452,1
309,73,1
544,430,1
381,854,1
265,98,1
28,64,1
704,442,1
228,430,1
460,460,1
624,26,1
144,1169,1
476,49,1
14,992,1
350,175,1
398,442,1
11,26,1
439,374,1
294,328,1
428,165,1
185,288,1
694,164,1
590,452,1
571,189,1
374,102,1
597,12,1
418,124,1
504,513,1
66,448,1
372,442,1
257,288,1
16,362,1
694,194,1
85,273,1
379,358,1
590,361,1
561,288,1
220,150,1
145,12,1
330,278,1
579,646,1
299,493,1
127,394,1
120,435,1
661,320,1
340,288,1
310,460,1
140,320,1
616,326,1
450,394,1
581,302,1
557,73,1
541,330,1
554,115,1
120,165,1
243,232,1
65,99,1
652,477,1
10,1163,1
271,288,1
306,987,1
130,232,1
58,461,1
140,195,1
419,319,1
362,49,1
317,164,1
247,150,1
607,1167,1
291,737,1
439,461,1
691,358,1
316,461,1
567,165,1
151,985,1
624,256,1
448,435,1
125,175,1
101,175,1
54,238,1
395,394,1
637,495,1
195,165,1
204,150,1
148,12,1
93,139,1
10,985,1
50,165,1
530,121,1
316,164,1
585,67,1
50,326,1
101,330,1
252,48,1
144,988,1
631,485,1
622,244,1
88,10,1
628,16,1
565,261,1
46,186,1
306,71,1
506,232,1
637,85,1
148,194,1
586,435,1
433,817,1
420,340,1
128,608,1
616,26,1
624,322,1
48,309,1
310,1167,1
299,1165,1
367,985,1
90,243,1
34,430,1
62,546,1
637,208,1
179,150,1
676,319,1
306,989,1
576,426,1
170,164,1
672,1170,1
504,1201,1
255,14,1
24,26,1
87,263,1
702,73,1
672,1169,1
569,394,1
677,435,1
144,987,1
654,64,1
143,993,1
461,150,1
312,288,1
523,71,1
499,993,1
245,326,1
423,989,1
327,150,1
493,292,1
433,276,1
184,366,1
78,99,1
662,49,1
392,322,1
268,1022,1
669,164,1
655,138,1
538,327,1
485,374,1
427,289,1
188,1119,1
101,83,1
329,194,1
518,426,1
523,1170,1
478,246,1
408,395,1
624,175,1
654,288,1
370,377,1
597,221,1
480,10,1
561,669,1
631,258,1
522,115,1
58,330,1
388,302,1
9,64,1
561,94,1
310,302,1
202,358,1
506,49,1
671,49,1
588,328,1
377,49,1
148,435,1
286,6,1
158,427,1
686,430,1
581,493,1
552,505,1
388,1167,1
172,358,1
141,113,1
210,773,1
205,60,1
612,570,1
261,10,1
469,931,1
101,165,1
156,460,1
496,715,1
574,99,1
101,221,1
367,472,1
526,1066,1
48,49,1
691,442,1
564,165,1
567,366,1
270,73,1
441,765,1
183,1166,1
176,170,1
123,288,1
564,430,1
84,289,1
316,374,1
144,460,1
114,317,1
462,164,1
477,330,1
431,49,1
524,435,1
153,380,1
268,674,1
588,223,1
48,164,1
335,175,1
299,1163,1
607,1166,1
316,326,1
650,322,1
388,1168,1
74,326,1
280,1327,0
135,539,0
4,1485,0
666,860,0
344,1492,0
155,348,0
220,1088,0
553,60,0
8,869,0
578,1001,0
397,1455,0
455,591,0
3,714,0
605,841,0
497,428,0
685,180,0
396,1454,0
34,687,0
612,697,0
701,1479,0
308,913,0
613,1088,0
305,608,0
255,957,0
40,799,0
135,55,0
150,1441,0
413,143,0
345,1436,0
447,276,0
93,1160,0
674,1445,0
623,518,0
410,35,0
243,308,0
102,1482,0
394,1429,0
1,216,0
160,159,0
269,1451,0
402,234,0
580,733,0
218,460,0
266,1123,0
646,694,0
440,43,0
192,1213,0
270,241,0
281,859,0
63,517,0
324,1000,0
98,223,0
179,688,0
192,46,0
688,311,0
124,1272,0
158,148,0
188,1452,0
441,558,0
123,1136,0
629,500,0
284,1385,0
561,1313,0
172,167,0
57,902,0
633,1114,0
706,182,0
310,1368,0
252,601,0
528,1161,0
191,513,0
35,527,0
494,578,0
463,1440,0
194,1289,0
582,1238,0
482,588,0
397,1331,0
505,1379,0
548,970,0
567,1124,0
493,14,0
392,442,0
219,637,0
162,705,0
100,1252,0
379,766,0
469,322,0
591,61,0
88,842,0
26,1070,0
329,313,0
285,1044,0
369,1424,0
516,709,0
396,1110,0
48,431,0
562,629,0
313,759,0
536,1096,0
25,285,0
435,1426,0
653,823,0
491,24,0
394,1340,0
471,570,0
601,306,0
195,799,0
518,1042,0
3,994,0
165,544,0
59,1228,0
90,870,0
337,184,0
199,953,0
562,246,0
565,225,0
131,1172,0
477,626,0
684,490,0
325,953,0
668,70,0
166,761,0
301,563,0
419,496,0
51,177,0
217,578,0
278,101,0
88,1044,0
681,176,0
526,1089,0
449,276,0
699,1313,0
281,923,0
584,956,0
509,931,0
522,1360,0
223,399,0
179,649,0
242,372,0
435,985,0
390,1052,0
690,33,0
344,865,0
316,971,0
585,307,0
89,622,0
122,944,0
92,659,0
244,855,0
385,923,0
261,1390,0
465,1031,0
513,916,0
95,881,0
114,1335,0
289,1055,0
164,1201,0
573,1496,0
263,846,0
528,240,0
80,461,0
96,1026,0
649,624,0
627,1332,0
50,1454,0
650,1385,0
309,1140,0
672,210,0
657,1100,0
337,399,0
38,1267,0
625,1011,0
670,1056,0
521,1447,0
701,1472,0
422,988,0
372,99,0
50,35,0
34,697,0
132,1070,0
25,440,0
115,912,0
706,1463,0
202,1357,0
348,682,0
601,442,0
417,45,0
694,315,0
42,707,0
332,474,0
231,552,0
262,630,0
494,251,0
400,114,0
693,1213,0
93,1465,0
299,1274,0
694,1133,0
362,113,0
622,571,0
650,338,0
332,741,0
82,761,0
523,858,0
104,254,0
574,1182,0
213,1387,0
196,1114,0
117,988,0
541,989,0
317,448,0
515,113,0
270,124,0
283,423,0
401,298,0
105,1500,0
79,144,0
185,845,0
125,935,0
406,1481,0
436,1172,0
168,659,0
296,683,0
410,871,0
463,114,0
73,28,0
432,263,0
191,914,0
291,210,0
550,92,0
450,956,0
338,911,0
269,1114,0
542,153,0
26,766,0
316,427,0
192,1324,0
85,1406,0
337,1299,0
203,1224,0
161,810,0
344,622,0
128,1133,0
590,814,0
313,552,0
257,526,0
535,927,0
634,190,0
40,607,0
403,895,0
117,1281,0
29,363,0
304,892,0
520,1414,0
30,934,0
263,1193,0
291,658,0
154,1116,0
260,23,0
67,1369,0
244,1385,0
470,1283,0
117,1107,0
436,32,0
459,240,0
474,473,0
457,1128,0
517,956,0
260,858,0
59,196,0
430,1448,0
387,322,0
119,1459,0
506,826,0
391,916,0
96,1444,0
346,128,0
336,549,0
384,991,0
655,142,0
38,779,0
439,576,0
567,731,0
98,11,0
648,163,0
468,570,0
617,1463,0
123,1018,0
585,194,0
677,265,0
506,739,0
544,1076,0
98,1145,0
689,1054,0
632,1210,0
626,999,0
706,983,0
13,772,0
41,300,0
587,355,0
249,818,0
391,630,0
66,47,0
479,491,0
97,1371,0
570,274,0
14,694,0
418,1186,0
532,1267,0
334,705,0
577,588,0
235,222,0
488,754,0
113,1136,0
272,1081,0
130,56,0
621,1116,0
27,326,0
290,1354,0
192,1005,0
657,1262,0
576,1080,0
61,324,0
72,649,0
564,1360,0
25,1163,0
535,1405,0
462,755,0
168,980,0
616,612,0
499,1507,0
238,1246,0
500,716,0
79,197,0
436,495,0
517,922,0
450,990,0
433,1025,0
455,305,0
349,495,0
126,183,0
357,501,0
36,566,0
452,553,0
495,841,0
43,606,0
509,148,0
283,1068,0
35,974,0
21,325,0
464,1385,0
649,116,0
322,317,0
39,664,0
585,342,0
304,961,0
684,296,0
445,1015,0
446,1284,0
655,1437,0
385,1445,0
643,1269,0
332,580,0
554,1059,0
607,140,0
103,450,0
598,978,0
491,1097,0
346,602,0
558,1344,0
233,293,0
594,1511,0
696,705,0
11,1303,0
83,1219,0
402,724,0
675,1300,0
323,914,0
169,893,0
308,280,0
10,1224,0
509,911,0
404,1176,0
554,191,0
42,106,0
530,852,0
15,656,0
60,1030,0
515,254,0
130,318,0
177,645,0
86,206,0
296,873,0
334,714,0
385,1135,0
504,1064,0
333,210,0
452,1403,0
215,1026,0
611,873,0
135,1059,0
125,1276,0
76,351,0
696,1208,0
293,1419,0
85,1055,0
284,422,0
61,239,0
136,89,0
375,75,0
160,1226,0
107,1238,0
12,574,0
265,591,0
682,1032,0
490,1014,0
338,175,0
601,367,0
290,160,0
99,356,0
451,551,0
81,345,0
234,582,0
344,190,0
111,303,0
245,1090,0
524,39,0
430,1055,0
580,373,0
692,1265,0
474,469,0
556,392,0
552,1251,0
373,1467,0
474,556,0
670,448,0
41,1231,0
164,504,0
650,263,0
342,771,0
645,607,0
136,1422,0
285,345,0
34,55,0
571,590,0
239,620,0
450,1017,0
430,620,0
533,1183,0
545,1192,0
521,843,0
258,557,0
506,575,0
341,1470,0
254,1182,0
618,786,0
172,1137,0
492,292,0
56,1181,0
35,181,0
664,330,0
592,84,0
7,25,0
289,555,0
87,411,0
261,823,0
546,316,0
603,796,0
526,533,0
573,705,0
309,916,0
277,1254,0
539,710,0
345,389,0
126,525,0
698,101,0
472,826,0
257,1500,0
482,823,0
180,511,0
662,1321,0
561,1148,0
630,1315,0
439,480,0
286,742,0
72,1102,0
542,1087,0
131,806,0
299,955,0
163,1450,0
107,1479,0
159,33,0
69,679,0
432,1275,0
453,1380,0
251,1264,0
515,1324,0
155,1184,0
356,159,0
0,255,0
435,473,0
208,232,0
10,1040,0
616,777,0
20,280,0
85,218,0
1,582,0
5,763,0
107,263,0
230,322,0
493,1217,0
686,1347,0
189,75,0
416,1469,0
588,136,0
278,401,0
589,806,0
239,794,0
374,1435,0
421,384,0
120,929,0
674,679,0
229,261,0
148,57,0
702,1031,0
421,1361,0
666,718,0
294,746,0
585,591,0
70,859,0
381,1461,0
89,823,0
220,439,0
85,376,0
71,949,0
496,1293,0
11,619,0
472,766,0
97,723,0
661,233,0
632,995,0
180,1011,0
494,936,0
247,1212,0
578,1034,0
131,651,0
30,1507,0
419,149,0
147,51,0
325,768,0
629,1173,0
31,514,0
186,1370,0
489,863,0
83,804,0
360,1343,0
257,1175,0
154,7,0
485,300,0
624,1493,0
263,1130,0
412,1132,0
52,746,0
177,1472,0
188,1234,0
392,860,0
165,229,0
265,780,0
383,357,0
516,193,0
683,1414,0
450,952,0
643,1374,0
109,1371,0
240,46,0
223,468,0
694,701,0
460,1260,0
153,509,0
490,235,0
481,529,0
634,986,0
263,926,0
290,1353,0
308,1241,0
444,355,0
336,1259,0
452,1305,0
294,1200,0
427,1434,0
394,33,0
505,721,0
458,83,0
458,839,0
421,236,0
579,783,0
502,651,0
142,479,0
402,1200,0
475,438,0
49,1364,0
128,38,0
293,1194,0
354,278,0
427,166,0
269,1172,0
418,512,0
484,988,0
290,516,0
348,683,0
180,232,0
521,38,0
210,568,0
562,296,0
505,668,0
181,313,0
559,989,0
7,1286,0
663,944,0
665,640,0
465,1083,0
274,1343,0
546,129,0
103,133,0
305,1373,0
315,882,0
686,337,0
391,574,0
59,374,0
499,1063,0
531,189,0
697,844,0
168,1460,0
705,231,0
138,479,0
29,507,0
671,1085,0
376,406,0
561,228,0
474,382,0
159,1110,0
318,1489,0
384,992,0
53,233,0
283,1030,0
54,1182,0
107,298,0
325,91,0
409,597,0
543,197,0
691,910,0
582,1511,0
289,1085,0
13,452,0
156,944,0
145,1025,0
490,1091,0
138,737,0
321,1455,0
611,416,0
185,1313,0
17,221,0
322,87,0
289,278,0
436,1253,0
621,153,0
243,229,0
537,1383,0
492,715,0
388,1261,0
483,911,0
479,1054,0
469,421,0
648,838,0
460,428,0
276,208,0
629,361,0
44,469,0
325,341,0
50,202,0
144,309,0
570,527,0
602,1172,0
539,185,0
56,212,0
677,23,0
675,1434,0
430,84,0
163,1130,0
160,501,0
371,624,0
56,878,0
81,476,0
666,1392,0
444,117,0
511,71,0
212,1166,0
614,947,0
104,282,0
582,960,0
142,677,0
198,620,0
162,894,0
92,248,0
53,86,0
160,1087,0
592,846,0
186,318,0
489,870,0
511,85,0
275,1200,0
366,777,0
266,1219,0
245,568,0
262,1326,0
452,873,0
566,857,0
368,326,0
554,1324,0
399,1287,0
393,264,0
341,118,0
186,1011,0
342,406,0
173,504,0
603,920,0
95,196,0
37,1497,0
376,342,0
90,85,0
587,72,0
647,521,0
6,1354,0
107,1195,0
240,923,0
349,126,0
142,289,0
396,1179,0
607,578,0
288,748,0
67,961,0
703,449,0
89,242,0
634,517,0
241,1018,0
16,801,0
457,1193,0
324,717,0
696,1435,0
94,570,0
374,245,0
359,1338,0
416,796,0
20,1378,0
688,416,0
144,1091,0
129,1199,0
585,1471,0
439,1052,0
205,543,0
560,1087,0
532,79,0
671,281,0
387,2,0
296,383,0
648,1333,0
449,967,0
240,569,0
255,1082,0
5,897,0
127,30,0
33,1458,0
265,1408,0
64,892,0
381,1136,0
32,58,0
335,1415,0
248,50,0
246,351,0
57,1303,0
211,303,0
250,533,0
259,1224,0
636,395,0
24,815,0
352,594,0
683,1092,0
550,1196,0
445,441,0
132,1341,0
467,150,0
173,1123,0
425,488,0
696,1141,0
220,1350,0
220,625,0
156,1118,0
58,595,0
306,90,0
26,1005,0
653,976,0
131,398,0
289,390,0
652,1321,0
283,951,0
211,403,0
209,386,0
262,545,0
37,1282,0
429,272,0
122,1351,0
706,1024,0
17,1414,0
344,1003,0
116,1086,0
551,1220,0
93,1350,0
58,495,0
455,834,0
144,141,0
630,1015,0
204,1347,0
703,1132,0
283,1367,0
164,260,0
197,1048,0
651,1014,0
450,1001,0
571,329,0
93,937,0
267,978,0
599,21,0
257,46,0
507,1086,0
648,53,0
182,1439,0
76,740,0
132,888,0
629,1123,0
604,408,0
119,1442,0
581,467,0
372,1048,0
493,854,0
5,639,0
381,15,0
252,299,0
433,409,0
217,226,0
543,834,0
183,991,0
13,1015,0
697,894,0
150,1147,0
574,1323,0
388,601,0
548,925,0
138,1153,0
403,997,0
397,752,0
48,1494,0
145,782,0
636,1090,0
365,913,0
528,1134,0
648,862,0
447,719,0
343,616,0
390,436,0
232,394,0
134,645,0
249,955,0
181,1173,0
38,204,0
591,117,0
457,948,0
80,225,0
375,1433,0
700,117,0
74,1188,0
695,231,0
266,391,0
32,1037,0
445,843,0
183,156,0
238,256,0
603,1131,0
627,538,0
17,215,0
68,180,0
225,206,0
334,1002,0
703,1045,0
326,1223,0
415,1033,0
328,622,0
450,542,0
277,1501,0
330,315,0
414,1123,0
118,871,0
581,719,0
591,770,0
317,380,0
553,862,0
336,426,0
601,46,0
167,446,0
272,306,0
570,660,0
93,134,0
289,346,0
525,1280,0
348,286,0
561,1475,0
371,858,0
577,1075,0
645,579,0
135,535,0
592,648,0
66,832,0
223,239,0
676,949,0
317,1074,0
380,1373,0
225,102,0
368,1412,0
232,1456,0
457,751,0
459,329,0
458,1024,0
663,690,0
175,1378,0
381,812,0
654,1429,0
493,838,0
451,445,0
424,46,0
476,11,0
80,1119,0
277,282,0
273,401,0
5,428,0
419,1164,0
34,1281,0
300,626,0
547,1230,0
263,1342,0
597,48,0
426,1042,0
344,1310,0
559,251,0
49,148,0
306,618,0
443,701,0
397,1133,0
268,601,0
563,553,0
46,721,0
314,396,0
213,936,0
621,920,0
514,395,0
660,1053,0
414,793,0
463,391,0
521,1101,0
450,45,0
438,1329,0
493,425,0
287,198,0
496,424,0
263,170,0
477,1282,0
158,1101,0
599,51,0
43,992,0
88,273,0
223,570,0
523,710,0
75,1405,0
404,1175,0
462,715,0
304,871,0
543,933,0
366,567,0
270,490,0
503,731,0
697,879,0
118,576,0
605,54,0
94,51,0
110,197,0
212,1491,0
529,1292,0
343,715,0
584,995,0
223,462,0
546,719,0
100,60,0
239,545,0
108,973,0
21,1504,0
397,1247,0
32,94,0
173,1473,0
128,1267,0
599,1030,0
184,28,0
253,1281,0
313,1183,0
653,1040,0
9,865,0
166,771,0
591,766,0
487,736,0
177,400,0
138,1263,0
119,876,0
650,330,0
367,1107,0
472,41,0
347,758,0
638,1222,0
401,1190,0
357,1387,0
505,7,0
368,887,0
635,883,0
114,231,0
39,683,0
291,1080,0
488,483,0
589,197,0
115,643,0
438,1295,0
79,400,0
294,1261,0
15,142,0
551,349,0
592,807,0
141,1380,0
296,190,0
448,1078,0
422,621,0
482,490,0
112,288,0
410,176,0
416,1256,0
130,292,0
90,252,0
238,39,0
461,428,0
587,804,0
607,214,0
8,813,0
623,648,0
427,952,0
541,951,0
19,1411,0
239,332,0
301,1447,0
134,608,0
157,192,0
410,855,0
61,594,0
289,1214,0
376,253,0
5,214,0
179,1295,0
428,335,0
156,1302,0
553,106,0
201,1097,0
524,61,0
37,663,0
272,1362,0
222,859,0
461,920,0
277,205,0
457,417,0
231,1294,0
312,1002,0
589,1493,0
312,602,0
34,277,0
41,1363,0
109,0,0
611,933,0
548,1022,0
367,978,0
563,586,0
523,709,0
524,1233,0
598,1134,0
173,881,0
377,899,0
330,342,0
580,172,0
306,591,0
249,1377,0
255,76,0
650,876,0
315,708,0
241,26,0
628,1376,0
698,555,0
318,947,0
88,893,0
385,208,0
439,627,0
509,1089,0
308,1019,0
703,893,0
349,866,0
57,569,0
191,912,0
623,1157,0
231,972,0
433,1441,0
161,980,0
367,17,0
363,694,0
503,432,0
314,1467,0
164,771,0
463,1018,0
628,1042,0
94,489,0
369,784,0
147,1452,0
311,935,0
208,840,0
449,25,0
108,914,0
702,273,0
249,1374,0
580,757,0
485,703,0
484,745,0
88,220,0
396,312,0
320,226,0
312,1194,0
530,986,0
187,127,0
135,1189,0
324,1015,0
211,6,0
511,714,0
42,1102,0
669,631,0
391,1309,0
282,996,0
118,1227,0
0,811,0
423,451,0
458,491,0
544,1312,0
238,651,0
77,1304,0
597,758,0
566,1402,0
124,523,0
442,1253,0
584,70,0
633,1124,0
28,406,0
509,1132,0
509,105,0
687,166,0
636,1063,0
431,1191,0
374,663,0
477,147,0
218,699,0
409,953,0
118,1199,0
473,1318,0
655,1046,0
571,1490,0
258,991,0
373,1056,0
636,1492,0
143,23,0
164,783,0
404,837,0
168,506,0
183,1207,0
436,810,0
49,12,0
187,813,0
538,238,0
466,1220,0
19,509,0
600,630,0
84,121,0
693,124,0
704,1369,0
663,124,0
627,949,0
489,345,0
46,1447,0
368,835,0
667,256,0
478,876,0
67,1507,0
169,1187,0
6,1435,0
331,696,0
233,232,0
560,423,0
264,472,0
378,1202,0
621,1478,0
530,414,0
541,1100,0
608,296,0
70,536,0
478,1316,0
368,1084,0
103,409,0
178,750,0
39,1127,0
279,1351,0
119,729,0
223,814,0
242,1419,0
236,1333,0
288,617,0
292,381,0
372,805,0
302,1277,0
213,892,0
478,99,0
262,951,0
25,728,0
232,1023,0
59,1225,0
247,680,0
623,1307,0
121,1113,0
344,900,0
164,911,0
142,687,0
574,1316,0
154,895,0
272,546,0
499,419,0
217,1396,0
244,465,0
439,1467,0
347,1081,0
227,497,0
555,96,0
117,853,0
241,929,0
521,1007,0
543,1278,0
137,1483,0
125,1496,0
445,1126,0
540,264,0
636,318,0
305,825,0
524,31,0
619,1298,0
667,946,0
214,1338,0
1,1288,0
556,1470,0
70,1028,0
696,717,0
313,1269,0
146,490,0
499,1337,0
215,49,0
435,780,0
168,591,0
608,1148,0
156,459,0
198,1168,0
651,1405,0
275,302,0
275,274,0
665,913,0
478,196,0
570,260,0
570,1034,0
393,810,0
687,566,0
95,1138,0
52,1492,0
122,1200,0
148,674,0
647,420,0
68,628,0
154,1079,0
707,369,0
215,523,0
574,729,0
239,1226,0
183,211,0
200,473,0
374,531,0
73,152,0
545,1406,0
529,966,0
244,346,0
99,851,0
628,77,0
284,710,0
535,971,0
86,1291,0
683,1030,0
377,739,0
621,114,0
611,1395,0
511,958,0
236,1258,0
395,409,0
231,270,0
36,861,0
706,1284,0
57,464,0
412,1102,0
397,72,0
289,600,0
607,385,0
181,1206,0
212,140,0
698,1337,0
310,78,0
616,198,0
590,564,0
411,548,0
634,107,0
249,1266,0
259,2,0
6,1289,0
654,1056,0
590,1483,0
212,569,0
62,454,0
18,1065,0
430,993,0
216,1505,0
61,433,0
305,3,0
312,221,0
645,561,0
365,981,0
376,376,0
629,1047,0
530,557,0
6,474,0
397,146,0
490,486,0
457,1177,0
399,540,0
120,1460,0
541,1221,0
598,23,0
136,700,0
56,375,0
493,124,0
360,13,0
239,990,0
115,186,0
501,91,0
311,1178,0
429,1248,0
230,1245,0
574,430,0
535,605,0
431,1260,0
383,574,0
84,828,0
71,2,0
698,376,0
451,381,0
274,42,0
116,486,0
142,93,0
284,980,0
334,56,0
565,1392,0
699,1406,0
601,1143,0
544,340,0
509,65,0
387,1324,0
158,1000,0
298,8,0
577,875,0
216,35,0
313,1274,0
472,190,0
482,403,0
166,1365,0
445,1051,0
211,770,0
170,155,0
499,123,0
154,119,0
172,185,0
194,1348,0
342,1414,0
155,1229,0
704,367,0
581,921,0
459,1170,0
631,1296,0
530,418,0
559,14,0
187,143,0
404,976,0
383,1295,0
53,321,0
443,84,0
321,352,0
628,223,0
489,53,0
218,788,0
23,789,0
335,741,0
361,511,0
596,215,0
687,586,0
557,163,0
334,397,0
191,324,0
638,260,0
100,839,0
577,313,0
469,845,0
514,919,0
600,1458,0
574,296,0
341,1018,0
158,1343,0
555,210,0
83,155,0
698,916,0
64,1053,0
63,572,0
22,492,0
652,1471,0
453,752,0
24,31,0
255,178,0
146,1071,0
525,48,0
465,917,0
521,784,0
238,812,0
97,1036,0
271,614,0
101,1423,0
368,70,0
45,149,0
201,519,0
595,762,0
263,586,0
36,139,0
116,214,0
161,1233,0
619,756,0
307,632,0
235,1017,0
700,308,0
575,1019,0
271,397,0
319,1083,0
383,1235,0
638,1403,0
108,874,0
343,1351,0
11,955,0
643,1266,0
439,807,0
44,723,0
181,557,0
391,193,0
378,1148,0
411,1211,0
323,1341,0
637,274,0
134,1384,0
316,654,0
184,987,0
520,1346,0
111,363,0
347,990,0
674,62,0
270,1384,0
48,629,0
202,38,0
194,880,0
641,458,0
470,12,0
162,1387,0
349,846,0
48,465,0
632,948,0
544,88,0
8,626,0
437,419,0
296,961,0
356,3,0
224,698,0
625,77,0
626,931,0
564,914,0
397,155,0
381,1001,0
634,468,0
269,251,0
202,260,0
224,1144,0
628,1304,0
612,1234,0
73,226,0
120,769,0
450,712,0
518,61,0
180,1147,0
428,839,0
365,738,0
81,877,0
147,433,0
540,844,0
562,1509,0
246,843,0
683,712,0
574,154,0
443,336,0
561,1453,0
690,1416,0
657,603,0
325,710,0
456,575,0
278,566,0
490,263,0
509,710,0
138,1390,0
538,671,0
260,1076,0
327,115,0
452,1022,0
372,65,0
42,1432,0
310,1476,0
594,299,0
584,532,0
22,1217,0
699,1499,0
110,584,0
697,1465,0
646,698,0
622,445,0
601,954,0
84,562,0
152,901,0
576,1023,0
219,700,0
112,805,0
507,920,0
487,1010,0
364,607,0
565,1195,0
653,986,0
19,905,0
382,797,0
445,724,0
492,1116,0
45,407,0
381,750,0
487,613,0
474,558,0
44,161,0
423,832,0
279,1011,0
227,1131,0
570,263,0
193,1259,0
142,1283,0
429,1125,0
624,214,0
654,1111,0
341,258,0
640,476,0
703,119,0
296,1186,0
182,498,0
259,659,0
471,1309,0
230,493,0
103,1431,0
231,743,0
446,981,0
137,1486,0
14,756,0
134,1248,0
37,1475,0
394,907,0
522,552,0
465,178,0
92,513,0
65,1052,0
4,466,0
177,827,0
137,1327,0
234,794,0
168,1368,0
267,498,0
68,636,0
94,660,0
211,822,0
532,604,0
81,561,0
126,142,0
223,1221,0
400,11,0
377,180,0
90,1306,0
198,953,0
191,1070,0
71,1441,0
50,425,0
401,270,0
38,1101,0
119,1001,0
119,537,0
96,720,0
533,399,0
116,1394,0
46,1451,0
1,381,0
206,1216,0
412,501,0
468,702,0
697,1402,0
132,294,0
705,1178,0
692,1146,0
442,635,0
527,323,0
501,940,0
369,324,0
34,180,0
166,369,0
156,1239,0
181,582,0
154,1038,0
256,1395,0
580,822,0
44,779,0
148,228,0
574,1197,0
528,332,0
545,835,0
707,614,0
259,1477,0
18,1406,0
195,899,0
615,1123,0
577,1255,0
508,781,0
623,988,0
192,131,0
32,70,0
465,1201,0
122,841,0
366,1126,0
546,1334,0
169,969,0
576,13,0
296,422,0
500,612,0
307,2,0
530,1377,0
499,874,0
120,835,0
344,99,0
621,1165,0
30,1276,0
412,47,0
668,838,0
270,1358,0
117,297,0
615,421,0
507,780,0
549,909,0
168,63,0
43,126,0
498,806,0
38,736,0
421,302,0
25,873,0
260,886,0
318,1091,0
563,794,0
331,914,0
234,388,0
694,908,0
526,712,0
248,1477,0
475,903,0
299,300,0
288,391,0
359,435,0
541,271,0
65,868,0
703,1149,0
85,901,0
630,743,0
702,52,0
283,1361,0
695,1406,0
308,303,0
551,206,0
378,765,0
256,911,0
316,661,0
513,1441,0
90,1304,0
573,747,0
181,1067,0
387,1328,0
538,1166,0
170,1123,0
263,390,0
435,759,0
485,614,0
384,1392,0
427,762,0
487,1370,0
554,1385,0
379,1373,0
693,1033,0
10,593,0
530,1020,0
194,1382,0
348,334,0
453,558,0
380,717,0
543,60,0
100,1146,0
487,1052,0
161,1318,0
698,1409,0
28,1112,0
588,297,0
96,823,0
569,475,0
88,129,0
4,1016,0
139,269,0
375,1469,0
178,280,0
5,1002,0
666,711,0
464,1085,0
458,1162,0
568,500,0
679,1240,0
350,151,0
517,880,0
128,520,0
663,365,0
190,837,0
409,1246,0
545,593,0
438,292,0
351,1198,0
581,1495,0
389,211,0
455,516,0
361,212,0
336,376,0
371,1474,0
325,1411,0
46,815,0
584,555,0
219,795,0
221,1142,0
182,481,0
109,712,0
112,1376,0
617,1317,0
420,136,0
349,1079,0
398,1086,0
361,1047,0
377,538,0
684,1438,0
215,1450,0
392,1114,0
671,1163,0
416,1253,0
689,1079,0
568,1259,0
272,512,0
659,90,0
477,1370,0
168,1367,0
127,1061,0
278,1090,0
677,880,0
321,1270,0
198,297,0
455,1429,0
193,1413,0
280,916,0
144,266,0
139,1488,0
400,1040,0
596,89,0
505,1429,0
238,1247,0
59,1226,0
654,1047,0
656,172,0
611,450,0
51,590,0
69,0,0
127,447,0
226,362,0
128,1165,0
154,168,0
121,1434,0
483,1499,0
115,323,0
304,1409,0
589,561,0
30,288,0
263,371,0
506,839,0
496,654,0
220,437,0
411,949,0
335,279,0
327,797,0
667,626,0
157,595,0
401,185,0
181,329,0
458,1224,0
651,1062,0
688,1223,0
625,472,0
474,317,0
382,890,0
510,231,0
67,718,0
507,1238,0
471,557,0
437,1366,0
64,1253,0
312,97,0
629,1209,0
329,438,0
423,113,0
479,580,0
62,1507,0
14,730,0
576,172,0
83,529,0
678,1295,0
278,633,0
162,834,0
148,271,0
344,1405,0
280,86,0
501,885,0
667,1369,0
473,1201,0
645,0,0
22,873,0
485,737,0
536,1307,0
443,1468,0
465,613,0
277,3,0
430,210,0
55,1212,0
530,182,0
505,598,0
44,1194,0
418,701,0
557,617,0
243,310,0
506,1382,0
145,1113,0
604,1284,0
128,935,0
565,238,0
231,1037,0
490,306,0
262,1348,0
570,1293,0
215,394,0
636,1112,0
99,229,0
457,656,0
579,424,0
95,331,0
454,1181,0
289,923,0
180,513,0
483,183,0
543,399,0
386,185,0
393,779,0
395,903,0
522,486,0
331,1232,0
442,650,0
178,1385,0
10,47,0
209,1188,0
11,765,0
636,516,0
210,1490,0
283,1341,0
290,666,0
13,1298,0
460,441,0
100,411,0
591,409,0
356,858,0
264,554,0
568,990,0
359,510,0
493,214,0
247,1139,0
45,26,0
399,728,0
697,629,0
19,1461,0
225,321,0
39,1405,0
634,653,0
90,191,0
120,688,0
238,1345,0
527,569,0
23,762,0
8,1033,0
61,1156,0
546,1459,0
133,1071,0
504,573,0
228,314,0
240,127,0
358,603,0
540,816,0
560,549,0
352,1202,0
514,1500,0
276,1466,0
32,390,0
405,62,0
116,103,0
192,808,0
361,827,0
138,649,0
360,545,0
341,400,0
140,172,0
55,941,0
453,697,0
657,388,0
476,1368,0
555,363,0
212,887,0
586,1061,0
335,302,0
620,1349,0
129,315,0
388,1084,0
630,858,0
557,1173,0
151,1404,0
670,949,0
470,273,0
545,685,0
8,1402,0
636,369,0
114,962,0
608,388,0
507,154,0
310,807,0
3,75,0
344,759,0
452,448,0
154,186,0
524,43,0
29,253,0
600,106,0
579,1160,0
115,1270,0
271,1262,0
33,70,0
81,676,0
110,1161,0
45,586,0
226,910,0
6,1240,0
494,71,0
533,178,0
99,267,0
216,924,0
532,693,0
466,680,0
189,589,0
35,506,0
113,1074,0
40,1059,0
686,431,0
478,873,0
371,1184,0
390,1068,0
699,689,0
141,1338,0
188,308,0
324,1056,0
270,827,0
568,250,0
417,1304,0
641,993,0
468,1120,0
257,1200,0
502,553,0
600,149,0
61,213,0
174,289,0
666,1421,0
431,883,0
492,771,0
239,195,0
10,384,0
374,1312,0
605,264,0
352,1192,0
379,674,0
706,625,0
242,155,0
26,33,0
594,774,0
106,1134,0
525,538,0
56,145,0
578,609,0
444,1209,0
4,908,0
607,1417,0
416,70,0
256,118,0
75,82,0
682,460,0
695,943,0
579,813,0
276,1262,0
115,1102,0
462,564,0
590,907,0
491,775,0
30,14,0
521,252,0
85,1172,0
93,1356,0
319,711,0
523,520,0
707,992,0
676,193,0
177,867,0
22,635,0
604,1022,0
705,672,0
206,143,0
216,317,0
242,1066,0
48,898,0
693,343,0
412,699,0
222,759,0
414,695,0
93,94,0
223,1372,0
609,1499,0
265,834,0
28,66,0
274,389,0
20,1209,0
209,769,0
125,946,0
210,154,0
181,19,0
392,979,0
205,1222,0
477,85,0
183,1033,0
618,253,0
617,1477,0
100,870,0
1,14,0
444,142,0
413,543,0
133,332,0
40,612,0
117,722,0
460,305,0
358,717,0
372,677,0
598,935,0
255,52,0
390,342,0
479,973,0
299,353,0
199,1466,0
698,886,0
436,1040,0
409,1378,0
21,1411,0
321,45,0
231,189,0
681,1110,0
230,291,0
73,976,0
593,1378,0
30,1161,0
528,165,0
647,128,0
415,261,0
348,939,0
647,938,0
278,1136,0
390,1160,0
638,363,0
361,271,0
565,859,0
171,1377,0
480,720,0
383,363,0
572,988,0
439,342,0
623,1400,0
546,1260,0
415,984,0
3,811,0
155,581,0
542,818,0
305,759,0
616,1215,0
496,964,0
229,472,0
230,1187,0
45,304,0
260,657,0
383,429,0
188,687,0
251,235,0
549,1258,0
61,370,0
100,662,0
364,1164,0
231,920,0
93,1467,0
671,262,0
673,1442,0
562,279,0
658,1338,0
596,1275,0
148,417,0
420,710,0
251,1269,0
533,29,0
488,424,0
153,45,0
520,945,0
123,1158,0
543,888,0
499,417,0
646,987,0
126,1247,0
257,1396,0
166,516,0
541,1222,0
104,448,0
259,77,0
378,642,0
176,154,0
152,1260,0
351,666,0
130,397,0
136,896,0
357,1467,0
532,430,0
550,119,0
244,1312,0
361,380,0
529,741,0
652,255,0
268,40,0
702,1419,0
403,434,0
77,1009,0
575,928,0
32,332,0
107,767,0
117,880,0
536,1359,0
27,1440,0
98,1048,0
315,516,0
15,1246,0
179,1248,0
579,888,0
19,1038,0
218,1038,0
197,858,0
92,862,0
6,261,0
157,991,0
660,1215,0
387,566,0
45,729,0
329,832,0
630,978,0
582,148,0
283,783,0
191,938,0
694,1196,0
99,1255,0
427,144,0
206,621,0
554,1191,0
134,514,0
59,1151,0
660,775,0
102,106,0
340,984,0
283,1148,0
543,65,0
326,1376,0
36,615,0
376,1400,0
611,204,0
432,1103,0
151,1017,0
378,969,0
337,844,0
515,434,0
91,269,0
641,999,0
557,548,0
448,1239,0
256,241,0
209,872,0
549,1090,0
567,507,0
123,32,0
702,716,0
419,201,0
270,1073,0
213,455,0
385,1496,0
519,333,0
200,1232,0
108,1061,0
706,312,0
483,405,0
287,1408,0
1,27,0
192,927,0
404,886,0
103,42,0
6,408,0
69,502,0
110,646,0
515,592,0
235,299,0
136,908,0
662,210,0
81,545,0
499,723,0
438,1288,0
506,359,0
91,365,0
54,1215,0
149,107,0
79,1065,0
703,292,0
568,99,0
143,2,0
677,901,0
350,248,0
1,831,0
435,717,0
144,1158,0
55,510,0
631,1202,0
588,833,0
409,820,0
239,1205,0
521,991,0
508,888,0
284,1505,0
704,532,0
624,1211,0
549,337,0
683,424,0
513,238,0
458,376,0
279,572,0
162,628,0
280,750,0
337,1276,0
621,1372,0
311,771,0
120,1381,0
120,423,0
457,831,0
562,598,0
439,247,0
468,171,0
512,286,0
471,485,0
658,866,0
444,1395,0
295,1021,0
439,1285,0
538,1453,0
563,1225,0
459,493,0
239,580,0
174,1313,0
219,1467,0
666,1308,0
683,107,0
137,473,0
266,326,0
242,1205,0
201,892,0
126,360,0
696,1500,0
389,1485,0
285,1261,0
383,843,0
105,966,0
571,869,0
593,921,0
545,578,0
393,1032,0
180,1453,0
118,118,0
202,506,0
182,967,0
243,870,0
56,1308,0
98,1088,0
26,1293,0
668,126,0
547,1166,0
482,473,0
605,362,0
650,386,0
192,724,0
436,1174,0
174,1343,0
549,1127,0
411,774,0
638,850,0
400,1004,0
78,1036,0
233,521,0
361,153,0
194,201,0
561,1023,0
520,551,0
485,794,0
1,143,0
375,751,0
675,1006,0
658,533,0
511,94,0
600,758,0
254,41,0
374,516,0
34,191,0
684,426,0
597,544,0
469,328,0
582,1152,0
339,356,0
587,547,0
131,1101,0
486,727,0
71,941,0
6,646,0
275,1314,0
21,141,0
199,879,0
147,770,0
347,1217,0
472,940,0
541,201,0
251,752,0
577,535,0
11,1332,0
365,1215,0
327,296,0
338,713,0
329,1116,0
433,176,0
622,514,0
354,174,0
514,833,0
243,1289,0
278,336,0
564,934,0
224,860,0
315,1424,0
525,116,0
205,24,0
532,103,0
564,334,0
647,1163,0
63,628,0
433,1148,0
254,510,0
570,714,0
96,715,0
531,1168,0
132,407,0
31,755,0
402,24,0
116,1157,0
593,1136,0
624,51,0
78,350,0
392,1136,0
395,468,0
667,1261,0
298,32,0
229,1138,0
460,503,0
251,453,0
257,1345,0
565,272,0
482,1350,0
695,462,0
56,560,0
249,351,0
613,1117,0
641,1180,0
182,1416,0
428,1239,0
413,1211,0
310,1434,0
198,155,0
643,298,0
39,954,0
10,1059,0
566,895,0
569,1114,0
616,226,0
419,1365,0
127,1156,0
509,283,0
503,140,0
461,717,0
95,847,0
16,179,0
422,242,0
323,1048,0
515,1153,0
631,389,0
527,468,0
337,1210,0
274,130,0
537,676,0
554,1295,0
459,177,0
6,891,0
513,557,0
534,340,0
181,510,0
679,1378,0
115,691,0
512,38,0
90,793,0
288,566,0
294,1042,0
496,1439,0
528,1015,0
155,1354,0
348,332,0
478,830,0
291,181,0
695,791,0
346,1165,0
380,1185,0
35,763,0
319,221,0
433,956,0
500,498,0
291,316,0
201,5,0
216,1154,0
94,898,0
456,846,0
475,149,0
75,949,0
635,1077,0
111,283,0
37,582,0
354,797,0
419,687,0
449,1077,0
261,13,0
463,843,0
69,964,0
578,621,0
477,748,0
431,142,0
133,849,0
301,943,0
86,82,0
525,965,0
104,890,0
668,1455,0
578,353,0
490,405,0
478,937,0
593,1270,0
550,1404,0
530,1476,0
643,864,0
431,654,0
170,668,0
212,548,0
221,1256,0
38,527,0
139,663,0
618,552,0
705,375,0
220,326,0
122,1495,0
199,805,0
14,1244,0
243,982,0
298,532,0
433,1097,0
115,1003,0
351,1430,0
393,1019,0
394,1170,0
459,12,0
198,842,0
309,337,0
266,117,0
601,694,0
583,1231,0
75,1219,0
683,1172,0
302,1410,0
341,1390,0
439,778,0
59,1183,0
373,532,0
697,632,0
387,1254,0
381,181,0
471,132,0
281,618,0
54,268,0
240,1255,0
390,668,0
562,345,0
371,926,0
266,474,0
703,1032,0
105,1445,0
238,940,0
367,1302,0
333,211,0
18,844,0
490,1510,0
180,1391,0
93,157,0
690,861,0
462,599,0
51,1001,0
203,982,0
398,258,0
242,840,0
44,609,0
236,1499,0
273,269,0
625,703,0
462,1260,0
130,1399,0
422,198,0
288,248,0
40,1456,0
130,1256,0
44,1283,0
438,1511,0
489,1439,0
88,975,0
345,455,0
302,149,0
697,198,0
131,176,0
340,147,0
570,1452,0
197,840,0
366,1381,0
299,60,0
253,901,0
193,1213,0
374,860,0
73,298,0
213,256,0
284,473,0
27,620,0
303,721,0
163,10,0
488,40,0
656,681,0
95,184,0
700,523,0
311,359,0
397,15,0
313,1044,0
232,1302,0
639,32,0
602,172,0
235,656,0
392,376,0
425,860,0
75,71,0
649,561,0
139,1255,0
658,1275,0
555,1042,0
542,603,0
365,1178,0
553,569,0
676,686,0
75,680,0
698,261,0
283,1107,0
293,415,0
656,899,0
611,2,0
427,1424,0
668,754,0
341,934,0
398,46,0
465,729,0
225,1226,0
134,322,0
193,507,0
406,1498,0
0,618,0
501,756,0
385,319,0
307,979,0
220,541,0
232,837,0
55,623,0
304,1505,0
41,632,0
602,357,0
430,456,0
500,110,0
523,1072,0
402,320,0
219,1147,0
192,847,0
201,22,0
130,1050,0
603,6,0
550,1309,0
645,691,0
644,339,0
376,962,0
340,1406,0
531,1476,0
244,1379,0
31,1504,0
307,1418,0
705,143,0
60,686,0
340,834,0
118,344,0
166,1411,0
381,833,0
37,646,0
498,295,0
579,1455,0
350,719,0
345,810,0
666,1454,0
340,522,0
141,636,0
650,73,0
531,674,0
250,608,0
502,1159,0
145,397,0
527,1481,0
249,649,0
38,677,0
427,1310,0
146,1225,0
450,826,0
452,1021,0
28,1255,0
410,1023,0
128,1392,0
427,874,0
115,1183,0
366,354,0
644,828,0
373,609,0
573,210,0
124,39,0
325,949,0
446,710,0
415,248,0
88,1172,0
385,1010,0
632,901,0
387,50,0
620,139,0
218,801,0
501,1221,0
14,1010,0
144,1396,0
381,1258,0
349,4,0
280,174,0
207,1126,0
677,1486,0
599,1095,0
267,791,0
269,1191,0
444,1108,0
626,484,0
382,22,0
211,1359,0
681,1277,0
573,1452,0
491,1403,0
481,758,0
408,1129,0
670,818,0
663,467,0
417,543,0
256,698,0
320,139,0
513,765,0
201,779,0
284,586,0
224,1404,0
440,1151,0
608,211,0
427,1378,0
4,1319,0
168,935,0
144,1106,0
28,844,0
198,1077,0
583,609,0
209,442,0
488,1216,0
580,416,0
646,238,0
598,471,0
7,361,0
4,1398,0
493,436,0
654,730,0
39,1504,0
509,605,0
427,1468,0
628,748,0
556,584,0
582,582,0
13,1229,0
619,174,0
534,44,0
589,291,0
13,581,0
321,1272,0
23,972,0
40,905,0
67,868,0
624,1439,0
595,1008,0
652,1073,0
76,691,0
326,1398,0
373,899,0
565,664,0
178,382,0
9,541,0
514,1080,0
220,275,0
107,577,0
597,563,0
659,1336,0
55,841,0
300,724,0
247,210,0
458,438,0
75,900,0
28,15,0
526,114,0
302,995,0
603,185,0
698,639,0
534,1063,0
190,378,0
296,1496,0
567,470,0
249,705,0
588,480,0
479,78,0
25,961,0
33,751,0
411,113,0
304,827,0
459,986,0
418,280,0
271,427,0
489,214,0
558,1351,0
106,369,0
398,985,0
399,837,0
640,1121,0
633,1132,0
40,191,0
600,1322,0
545,550,0
425,1065,0
226,38,0
260,747,0
459,1373,0
568,1367,0
59,1311,0
541,90,0
510,150,0
464,855,0
530,773,0
162,260,0
690,1475,0
637,568,0
122,646,0
537,33,0
498,28,0
196,130,0
229,122,0
313,822,0
318,97,0
9,708,0
301,1329,0
17,1148,0
601,979,0
698,411,0
427,1284,0
295,1303,0
156,1063,0
419,526,0
10,1311,0
177,1413,0
304,854,0
574,184,0
500,1468,0
64,411,0
404,865,0
175,378,0
52,346,0
495,329,0
230,1451,0
626,796,0
645,1139,0
233,1035,0
506,1204,0
110,688,0
592,1056,0
539,99,0
179,382,0
295,1136,0
139,1302,0
493,575,0
586,847,0
24,318,0
360,665,0
475,1496,0
202,430,0
67,835,0
89,994,0
658,789,0
456,136,0
459,1084,0
406,1095,0
694,251,0
117,110,0
428,382,0
516,1291,0
314,1317,0
182,151,0
642,1110,0
116,1437,0
74,556,0
423,93,0
390,1204,0
504,677,0
624,737,0
197,833,0
332,223,0
101,1311,0
704,247,0
657,1159,0
453,308,0
220,819,0
405,501,0
673,589,0
590,1346,0
198,286,0
193,1199,0
356,958,0
560,1101,0
101,1171,0
321,892,0
459,196,0
597,348,0
608,281,0
405,25,0
356,259,0
606,1419,0
619,833,0
608,141,0
400,46,0
601,879,0
248,220,0
17,370,0
289,182,0
673,803,0
306,574,0
174,968,0
409,440,0
594,255,0
136,741,0
168,51,0
545,440,0
49,783,0
613,402,0
655,1,0
321,128,0
372,184,0
702,1205,0
158,434,0
97,1382,0
527,1087,0
537,726,0
251,1306,0
329,624,0
516,312,0
411,907,0
547,1159,0
164,940,0
537,706,0
150,1393,0
475,185,0
10,319,0
609,702,0
36,75,0
85,801,0
440,908,0
304,774,0
524,1214,0
657,76,0
220,775,0
519,719,0
10,103,0
131,1144,0
131,721,0
635,68,0
672,1351,0
178,1073,0
300,1317,0
245,1430,0
560,1240,0
84,178,0
440,948,0
559,1383,0
648,1046,0
493,1150,0
228,1438,0
369,440,0
251,1291,0
252,813,0
235,307,0
56,57,0
90,1030,0
159,684,0
557,1066,0
264,475,0
380,560,0
266,911,0
656,252,0
219,233,0
205,550,0
302,459,0
591,120,0
171,3,0
52,26,0
203,1160,0
672,14,0
583,14,0
482,643,0
192,770,0
483,186,0
354,1221,0
311,868,0
625,5,0
307,1500,0
384,1341,0
707,734,0
629,533,0
590,617,0
152,1245,0
388,1245,0
677,702,0
644,498,0
274,1173,0
170,1111,0
366,159,0
230,635,0
149,1261,0
198,905,0
238,1309,0
232,691,0
574,1246,0
189,338,0
300,307,0
373,1160,0
40,282,0
0,1500,0
667,410,0
671,931,0
237,469,0
656,1128,0
513,488,0
2,554,0
673,996,0
522,1021,0
623,494,0
627,119,0
163,836,0
552,1009,0
682,896,0
505,1187,0
58,1304,0
591,122,0
82,704,0
572,568,0
62,1103,0
66,727,0
242,563,0
325,15,0
308,265,0
333,769,0
253,714,0
302,1483,0
644,1291,0
21,820,0
24,551,0
105,1332,0
5,330,0
483,461,0
653,1034,0
451,257,0
396,1376,0
174,1305,0
189,1222,0
109,482,0
427,102,0
49,82,0
418,624,0
400,425,0
172,407,0
152,532,0
625,501,0
436,109,0
693,867,0
658,952,0
144,942,0
367,191,0
297,458,0
226,785,0
503,894,0
291,194,0
585,1383,0
428,93,0
46,323,0
672,1092,0
220,954,0
143,419,0
322,811,0
302,588,0
75,802,0
441,1497,0
703,761,0
424,714,0
380,969,0
253,988,0
339,227,0
286,960,0
0,531,0
185,1243,0
463,1198,0
407,638,0
507,1373,0
688,344,0
622,622,0
586,785,0
319,128,0
457,1368,0
367,184,0
486,227,0
419,1316,0
11,1042,0
280,1355,0
545,526,0
701,1445,0
149,518,0
480,296,0
436,402,0
58,556,0
215,1271,0
398,361,0
363,76,0
279,208,0
642,1397,0
625,22,0
317,463,0
446,1353,0
276,81,0
700,1302,0
517,647,0
290,1421,0
181,450,0
308,745,0
542,160,0
151,504,0
347,1027,0
182,1441,0
334,477,0
328,301,0
343,1050,0
461,749,0
9,29,0
390,332,0
249,508,0
273,1010,0
591,1063,0
69,1326,0
683,1040,0
427,682,0
300,633,0
127,720,0
245,885,0
516,249,0
593,684,0
74,1067,0
699,994,0
675,1420,0
272,526,0
316,57,0
88,718,0
277,246,0
670,398,0
409,920,0
87,528,0
458,1094,0
469,558,0
353,1094,0
208,805,0
104,963,0
555,656,0
36,469,0
376,1082,0
477,136,0
85,1161,0
588,235,0
271,1298,0
653,107,0
97,419,0
326,424,0
368,489,0
349,274,0
566,1016,0
533,182,0
27,547,0
603,1064,0
541,987,0
216,1423,0
285,213,0
544,39,0
273,999,0
457,834,0
13,530,0
89,1094,0
430,285,0
470,1409,0
642,994,0
365,996,0
20,850,0
580,929,0
292,1278,0
191,273,0
699,862,0
657,985,0
465,251,0
569,351,0
312,93,0
110,1466,0
149,859,0
88,373,0
385,96,0
683,1321,0
204,612,0
446,326,0
523,1346,0
427,154,0
2,79,0
164,425,0
55,1311,0
85,1223,0
337,455,0
255,1419,0
693,1183,0
78,124,0
678,1063,0
385,1411,0
26,668,0
296,324,0
193,918,0
260,630,0
392,710,0
175,11,0
181,1186,0
620,760,0
158,914,0
131,1281,0
329,721,0
504,861,0
421,226,0
433,1453,0
387,1122,0
67,826,0
336,281,0
328,1111,0
445,1021,0
438,1253,0
373,746,0
656,651,0
330,457,0
183,1435,0
569,806,0
403,1160,0
58,1039,0
39,237,0
507,945,0
442,1018,0
175,438,0
676,1427,0
575,656,0
79,1008,0
338,109,0
614,59,0
419,1454,0
687,452,0
296,1326,0
131,1009,0
380,94,0
189,1372,0
376,463,0
361,1385,0
78,1170,0
470,1278,0
456,960,0
351,1435,0
633,1226,0
499,1032,0
700,43,0
560,1108,0
213,752,0
313,1078,0
685,741,0
201,470,0
567,847,0
485,530,0
234,1134,0
310,367,0
265,1503,0
620,320,0
398,575,0
312,64,0
343,1074,0
56,1053,0
306,855,0
476,799,0
51,1338,0
686,91,0
389,873,0
421,1458,0
112,87,0
34,370,0
678,1075,0
195,1324,0
638,1405,0
352,140,0
92,1022,0
193,662,0
446,1315,0
688,44,0
215,177,0
18,497,0
192,435,0
381,1468,0
128,973,0
581,831,0
467,733,0
153,538,0
465,321,0
582,185,0
667,336,0
652,700,0
436,1077,0
250,458,0
271,1375,0
17,1331,0
13,1143,0
541,477,0
25,1296,0
522,496,0
170,1029,0
698,589,0
595,1096,0
273,859,0
51,1337,0
516,622,0
89,1137,0
71,235,0
1,760,0
454,1375,0
38,1216,0
530,401,0
629,1065,0
86,1430,0
492,565,0
357,83,0
292,920,0
151,501,0
283,1357,0
45,1461,0
0,689,0
255,1339,0
162,1511,0
34,988,0
5,2,0
201,883,0
391,504,0
20,1420,0
172,1500,0
596,1187,0
23,542,0
272,569,0
94,702,0
393,1016,0
584,1199,0
396,1176,0
217,894,0
422,749,0
323,459,0
605,158,0
694,14,0
486,390,0
571,801,0
678,749,0
509,876,0
571,1202,0
252,1441,0
613,360,0
347,1317,0
372,197,0
412,1063,0
571,3,0
641,378,0
419,347,0
471,965,0
463,442,0
105,317,0
94,1464,0
495,915,0
20,570,0
160,1283,0
684,691,0
137,837,0
564,1487,0
128,795,0
279,1263,0
365,200,0
421,429,0
19,1240,0
494,1048,0
474,34,0
340,727,0
586,1419,0
15,599,0
56,292,0
329,462,0
618,278,0
661,228,0
221,1414,0
347,1380,0
375,221,0
546,735,0
402,600,0
398,32,0
704,626,0
2,342,0
64,603,0
433,1336,0
119,541,0
177,764,0
352,1265,0
279,1154,0
482,618,0
175,1016,0
619,899,0
67,574,0
160,295,0
75,1060,0
527,168,0
256,10,0
99,388,0
380,146,0
375,205,0
599,1232,0
519,1191,0
532,39,0
284,1485,0
4,1146,0
1,1003,0
565,1035,0
58,1328,0
200,1168,0
36,192,0
279,1068,0
218,1033,0
591,731,0
631,1076,0
84,806,0
93,1067,0
428,275,0
466,728,0
305,433,0
98,210,0
330,259,0
325,1492,0
651,650,0
256,181,0
151,1030,0
311,447,0
48,798,0
52,1409,0
446,139,0
83,1144,0
334,315,0
394,823,0
325,1087,0
527,1198,0
368,1108,0
495,833,0
72,263,0
237,1169,0
364,121,0
396,851,0
415,602,0
145,35,0
52,345,0
233,1425,0
454,814,0
278,1365,0
532,1021,0
376,960,0
229,1175,0
443,352,0
601,1442,0
240,1108,0
556,1496,0
554,703,0
292,373,0
622,942,0
485,36,0
277,1322,0
91,1336,0
395,819,0
597,1252,0
361,1311,0
348,217,0
306,1193,0
489,1087,0
486,491,0
16,1409,0
483,1400,0
461,669,0
681,409,0
600,1213,0
126,1436,0
411,1196,0
94,789,0
468,1489,0
45,65,0
554,975,0
151,1214,0
139,256,0
639,341,0
594,157,0
666,1097,0
284,1269,0
167,912,0
180,1315,0
71,527,0
701,646,0
500,39,0
682,1509,0
686,7,0
493,1162,0
347,1481,0
148,6,0
268,161,0
501,699,0
111,19,0
448,1386,0
618,13,0
373,754,0
2,300,0
488,13,0
140,1503,0
488,990,0
200,1038,0
670,1188,0
102,683,0
520,1066,0
435,1258,0
370,50,0
174,116,0
285,406,0
689,808,0
650,178,0
280,271,0
13,562,0
409,958,0
318,229,0
352,1138,0
293,1327,0
674,506,0
344,1103,0
427,710,0
406,524,0
80,234,0
262,1429,0
693,1114,0
562,431,0
206,811,0
156,518,0
647,1317,0
368,255,0
312,1263,0
247,344,0
494,1400,0
343,988,0
687,1272,0
302,1440,0
415,933,0
613,321,0
354,870,0
14,1190,0
315,402,0
226,758,0
500,54,0
654,647,0
207,1207,0
374,563,0
17,92,0
672,182,0
329,1123,0
106,554,0
537,634,0
405,1319,0
243,673,0
482,1046,0
583,1114,0
423,50,0
103,478,0
548,25,0
202,1251,0
214,1117,0
228,1088,0
331,1469,0
116,573,0
31,965,0
104,703,0
615,872,0
674,293,0
249,584,0
324,380,0
655,974,0
212,757,0
516,836,0
235,547,0
215,764,0
131,160,0
377,453,0
318,262,0
164,228,0
95,1033,0
668,990,0
316,1308,0
120,1501,0
48,1275,0
280,698,0
372,1055,0
115,441,0
542,396,0
83,267,0
518,892,0
702,1107,0
491,372,0
628,183,0
614,1358,0
382,1239,0
459,954,0
449,1475,0
109,1235,0
204,506,0
590,1170,0
300,311,0
464,976,0
296,790,0
350,760,0
271,753,0
224,766,0
500,1298,0
389,864,0
130,701,0
501,488,0
329,1501,0
589,772,0
691,762,0
209,1034,0
425,672,0
88,901,0
215,1277,0
14,390,0
620,579,0
278,1201,0
142,770,0
687,1501,0
164,433,0
166,1363,0
123,854,0
324,507,0
624,379,0
276,131,0
281,103,0
2,589,0
171,600,0
276,334,0
555,410,0
194,638,0
604,611,0
304,1164,0
21,271,0
439,512,0
488,1220,0
457,300,0
326,439,0
49,1250,0
326,381,0
490,1402,0
215,698,0
613,722,0
302,984,0
494,591,0
0,885,0
548,280,0
126,659,0
28,96,0
71,1403,0
276,114,0
608,1397,0
284,578,0
398,324,0
559,1158,0
219,962,0
452,1150,0
82,393,0
178,123,0
370,1009,0
304,302,0
557,1392,0
612,974,0
189,261,0
461,1124,0
577,385,0
445,237,0
475,1406,0
289,294,0
664,228,0
86,311,0
89,1011,0
433,15,0
590,579,0
244,574,0
367,1367,0
231,1276,0
588,1420,0
4,1066,0
305,140,0
528,28,0
455,1208,0
310,628,0
351,293,0
611,18,0
249,660,0
614,795,0
563,196,0
200,375,0
345,658,0
314,1424,0
248,1475,0
167,1141,0
507,722,0
415,89,0
646,275,0
109,943,0
343,625,0
651,1032,0
156,1068,0
655,144,0
666,198,0
90,596,0
276,79,0
420,19,0
195,1383,0
298,1156,0
118,137,0
134,1069,0
396,170,0
602,363,0
382,668,0
621,679,0
643,836,0
70,1084,0
284,138,0
604,1336,0
334,480,0
556,395,0
668,956,0
324,780,0
204,1432,0
486,1199,0
215,997,0
208,617,0
118,1193,0
345,1337,0
38,105,0
184,884,0
260,814,0
91,594,0
316,700,0
336,693,0
433,1098,0
645,534,0
600,112,0
40,127,0
97,1322,0
505,722,0
181,117,0
293,26,0
462,283,0
544,216,0
39,536,0
226,65,0
541,651,0
637,136,0
615,325,0
259,1383,0
167,958,0
675,1013,0
202,90,0
623,293,0
49,826,0
516,1092,0
99,437,0
300,762,0
90,1214,0
221,989,0
316,264,0
470,970,0
463,227,0
129,643,0
81,1416,0
18,1452,0
430,736,0
357,341,0
144,1379,0
363,544,0
59,507,0
178,955,0
203,275,0
517,1387,0
75,1054,0
283,435,0
438,1228,0
354,1293,0
357,1409,0
70,1244,0
5,1460,0
486,453,0
666,257,0
239,143,0
584,717,0
508,208,0
252,837,0
59,1097,0
383,247,0
614,221,0
465,1417,0
315,868,0
178,633,0
317,291,0
502,381,0
572,281,0
84,76,0
49,1394,0
613,1097,0
213,754,0
102,1138,0
249,1436,0
117,385,0
660,829,0
3,141,0
489,1419,0
446,1025,0
352,153,0
553,371,0
495,1440,0
546,137,0
323,783,0
393,961,0
320,1072,0
683,383,0
665,674,0
82,1088,0
449,1149,0
626,1369,0
430,1368,0
389,173,0
605,1137,0
607,881,0
346,892,0
605,1153,0
416,163,0
465,1005,0
697,859,0
257,1146,0
568,96,0
410,687,0
216,1338,0
262,690,0
301,430,0
656,726,0
484,375,0
213,330,0
288,1186,0
691,782,0
305,891,0
454,1200,0
289,490,0
190,137,0
230,381,0
588,77,0
49,686,0
358,96,0
398,839,0
377,34,0
651,944,0
43,146,0
697,15,0
24,796,0
343,444,0
160,774,0
564,449,0
208,944,0
19,58,0
511,791,0
379,675,0
263,822,0
174,294,0
627,189,0
627,739,0
700,1057,0
328,759,0
285,648,0
431,567,0
568,74,0
50,1125,0
657,782,0
238,284,0
317,1310,0
191,1216,0
224,1116,0
451,1203,0
676,72,0
279,953,0
293,498,0
331,502,0
498,1476,0
368,684,0
622,1033,0
641,283,0
384,140,0
241,729,0
386,842,0
510,1443,0
550,1145,0
21,1060,0
299,788,0
278,480,0
584,1439,0
228,117,0
588,1054,0
704,725,0
12,1133,0
646,6,0
621,21,0
674,861,0
303,1428,0
197,529,0
602,1379,0
415,748,0
17,416,0
430,622,0
231,1225,0
654,864,0
144,5,0
499,634,0
518,1451,0
16,401,0
152,488,0
412,588,0
617,1391,0
469,594,0
643,11,0
622,1082,0
248,1043,0
280,1345,0
467,902,0
216,1408,0
367,963,0
24,638,0
637,872,0
126,22,0
298,759,0
47,395,0
303,500,0
266,614,0
617,534,0
570,687,0
595,1437,0
406,1088,0
449,883,0
145,912,0
511,182,0
347,84,0
565,779,0
166,61,0
359,795,0
253,561,0
150,772,0
493,1504,0
597,1326,0
343,491,0
278,122,0
45,1355,0
295,1296,0
454,615,0
457,1185,0
378,659,0
403,1425,0
534,981,0
491,25,0
683,500,0
632,1240,0
678,660,0
543,679,0
6,455,0
294,389,0
489,279,0
441,311,0
201,356,0
447,452,0
438,426,0
419,824,0
683,852,0
367,1017,0
76,1010,0
86,1432,0
158,607,0
542,416,0
553,1460,0
320,427,0
300,1275,0
58,1467,0
538,269,0
487,610,0
642,754,0
494,653,0
345,1220,0
650,581,0
297,1117,0
579,1,0
660,1244,0
502,1331,0
268,962,0
178,1031,0
492,889,0
322,1252,0
324,1497,0
126,746,0
670,966,0
127,1162,0
321,388,0
405,325,0
614,497,0
121,1014,0
446,1451,0
417,1511,0
463,162,0
136,156,0
395,387,0
142,879,0
342,1286,0
148,1430,0
506,1323,0
509,597,0
220,564,0
689,1208,0
12,1247,0
364,440,0
662,875,0
569,266,0
145,1028,0
393,1291,0
555,374,0
418,1044,0
538,152,0
470,821,0
498,1424,0
550,73,0
670,466,0
403,1450,0
161,696,0
151,13,0
90,319,0
35,963,0
161,1096,0
289,50,0
394,687,0
639,202,0
230,127,0
539,1362,0
322,807,0
394,1122,0
257,899,0
416,154,0
111,311,0
380,674,0
272,489,0
328,417,0
242,1363,0
534,197,0
508,562,0
123,1461,0
614,77,0
511,746,0
446,1261,0
673,712,0
516,1336,0
461,407,0
570,418,0
515,802,0
594,968,0
643,1043,0
229,1436,0
669,471,0
273,1285,0
346,216,0
698,1444,0
252,1048,0
633,102,0
703,742,0
426,681,0
467,85,0
419,1444,0
404,542,0
368,1031,0
503,775,0
639,318,0
116,1049,0
51,134,0
42,1503,0
398,647,0
415,1461,0
240,159,0
374,1420,0
138,1113,0
441,511,0
400,1206,0
603,1361,0
494,486,0
384,1142,0
367,459,0
411,1430,0
663,851,0
558,85,0
273,1344,0
401,23,0
644,199,0
542,777,0
593,509,0
635,2,0
356,1113,0
627,110,0
63,666,0
507,130,0
465,434,0
375,759,0
203,310,0
424,1241,0
586,1476,0
209,738,0
494,779,0
130,806,0
408,194,0
349,1460,0
4,84,0
453,517,0
668,939,0
175,688,0
604,853,0
702,1086,0
93,493,0
88,1406,0
276,382,0
524,459,0
700,845,0
697,155,0
567,923,0
531,488,0
626,675,0
144,768,0
250,1083,0
391,693,0
301,1075,0
87,790,0
245,1006,0
351,1012,0
253,1076,0
411,140,0
396,1370,0
581,1314,0
517,871,0
644,1326,0
668,1091,0
432,727,0
76,1197,0
14,474,0
73,360,0
290,318,0
654,380,0
445,753,0
430,599,0
84,475,0
83,1126,0
666,501,0
426,151,0
495,258,0
342,799,0
356,843,0
593,1309,0
415,174,0
23,767,0
99,682,0
515,757,0
88,297,0
398,718,0
365,574,0
691,234,0
677,537,0
325,631,0
187,909,0
322,1002,0
390,309,0
611,1216,0
385,138,0
280,629,0
186,612,0
442,575,0
577,727,0
126,486,0
503,1010,0
509,912,0
329,882,0
591,1241,0
278,1232,0
54,857,0
434,1039,0
627,1389,0
383,677,0
46,506,0
467,1256,0
349,144,0
598,54,0
226,196,0
82,1234,0
32,502,0
601,261,0
321,961,0
52,676,0
197,334,0
264,1101,0
287,457,0
647,578,0
418,930,0
584,791,0
59,886,0
612,516,0
680,1210,0
14,1064,0
148,1348,0
647,503,0
399,125,0
283,1249,0
549,691,0
157,1263,0
175,240,0
267,574,0
227,357,0
57,118,0
529,696,0
690,1411,0
568,220,0
133,175,0
491,861,0
190,228,0
704,942,0
25,698,0
563,59,0
266,920,0
591,415,0
651,240,0
561,176,0
648,112,0
380,1377,0
693,481,0
156,847,0
74,1460,0
484,642,0
652,157,0
1,690,0
195,1269,0
639,1244,0
690,1334,0
482,362,0
364,270,0
380,438,0
600,1153,0
229,783,0
603,1099,0
609,201,0
627,389,0
311,1214,0
527,1211,0
702,1289,0
202,1387,0
112,226,0
1,1358,0
497,768,0
44,73,0
179,40,0
556,609,0
448,648,0
702,1503,0
198,1017,0
25,418,0
166,964,0
306,1464,0
581,360,0
506,1386,0
315,921,0
345,550,0
57,1101,0
100,1339,0
201,1386,0
408,613,0
648,720,0
117,977,0
365,83,0
464,1207,0
594,824,0
53,463,0
505,1231,0
243,589,0
296,175,0
364,758,0
647,1071,0
65,421,0
140,29,0
207,315,0
527,1011,0
59,714,0
655,1481,0
120,346,0
153,636,0
188,63,0
361,496,0
409,1483,0
70,1167,0
27,694,0
148,850,0
606,1424,0
536,1123,0
42,503,0
405,171,0
337,308,0
277,325,0
381,125,0
4,415,0
262,66,0
451,544,0
221,89,0
640,1010,0
561,733,0
571,21,0
300,1490,0
609,880,0
15,507,0
541,332,0
443,217,0
398,221,0
50,968,0
31,1111,0
646,749,0
520,10,0
350,604,0
97,964,0
357,303,0
453,412,0
531,1447,0
514,1137,0
119,303,0
298,969,0
385,1081,0
695,124,0
124,1140,0
315,200,0
491,1226,0
414,1490,0
516,44,0
531,716,0
580,648,0
693,959,0
528,539,0
393,75,0
22,1393,0
294,173,0
164,739,0
637,380,0
617,1082,0
411,743,0
351,1445,0
519,219,0
545,80,0
403,852,0
153,643,0
323,1428,0
104,516,0
71,565,0
227,1106,0
186,1068,0
454,1461,0
630,876,0
85,1356,0
131,748,0
266,478,0
544,662,0
430,987,0
265,615,0
89,1511,0
390,1147,0
514,460,0
7,583,0
571,1478,0
60,39,0
459,1335,0
565,566,0
425,552,0
668,1353,0
115,79,0
661,115,0
624,1433,0
442,1495,0
278,275,0
2,7,0
167,365,0
405,1346,0
93,1443,0
202,871,0
68,552,0
111,646,0
208,830,0
402,29,0
450,62,0
55,1045,0
593,838,0
277,1229,0
64,349,0
46,125,0
39,682,0
442,1406,0
230,151,0
201,502,0
437,141,0
331,1291,0
262,543,0
638,684,0
189,104,0
500,83,0
672,54,0
658,177,0
642,870,0
527,343,0
75,192,0
450,64,0
698,1063,0
426,465,0
371,85,0
124,1413,0
296,1493,0
431,441,0
95,897,0
165,518,0
549,1196,0
251,163,0
210,1149,0
75,143,0
661,450,0
443,236,0
84,542,0
542,1262,0
76,51,0
192,1022,0
224,352,0
558,106,0
359,296,0
181,1212,0
451,673,0
538,474,0
384,1224,0
396,965,0
165,34,0
463,927,0
414,1491,0
121,371,0
395,1252,0
400,787,0
304,1216,0
251,898,0
332,581,0
554,839,0
55,860,0
690,1066,0
451,699,0
670,928,0
425,818,0
412,1236,0
666,333,0
168,689,0
632,1216,0
205,1345,0
48,251,0
397,579,0
447,1215,0
175,651,0
108,600,0
102,976,0
46,923,0
229,864,0
484,617,0
178,585,0
404,634,0
38,725,0
456,898,0
555,86,0
259,1178,0
157,99,0
591,185,0
209,1022,0
208,1011,0
257,808,0
541,439,0
190,381,0
273,1088,0
240,1462,0
697,576,0
554,658,0
470,554,0
295,1508,0
312,1091,0
19,178,0
296,257,0
573,368,0
375,1495,0
582,622,0
472,12,0
492,810,0
605,1060,0
419,219,0
99,173,0
567,951,0
536,1150,0
329,252,0
49,1003,0
437,803,0
442,665,0
295,1458,0
52,35,0
47,41,0
591,1511,0
365,1210,0
161,1123,0
195,1056,0
623,1313,0
694,1116,0
280,766,0
374,522,0
239,1295,0
228,687,0
290,484,0
180,843,0
91,1372,0
242,453,0
277,1285,0
612,888,0
364,782,0
697,785,0
201,972,0
279,1295,0
560,462,0
33,1324,0
69,1433,0
208,1219,0
153,750,0
420,106,0
429,1112,0
466,1364,0
148,420,0
445,890,0
283,455,0
333,706,0
541,130,0
3,818,0
305,250,0
516,187,0
619,641,0
546,542,0
386,1451,0
216,682,0
35,1186,0
224,1241,0
486,583,0
197,26,0
135,1201,0
227,1188,0
281,1070,0
622,1051,0
498,633,0
656,629,0
515,198,0
658,972,0
256,342,0
343,330,0
357,1267,0
542,327,0
555,282,0
544,437,0
400,1051,0
112,1415,0
18,874,0
451,1185,0
593,798,0
476,109,0
33,1146,0
545,899,0
402,421,0
588,420,0
279,193,0
638,250,0
666,744,0
108,1410,0
315,19,0
533,262,0
673,1352,0
201,534,0
452,863,0
161,1049,0
57,207,0
50,1161,0
116,879,0
56,921,0
418,102,0
318,1376,0
694,1455,0
126,973,0
552,1199,0
360,881,0
500,1196,0
127,363,0
548,413,0
70,103,0
525,257,0
305,910,0
476,138,0
18,156,0
704,1500,0
434,42,0
103,1509,0
362,496,0
180,494,0
176,582,0
610,1442,0
368,1462,0
328,194,0
607,604,0
89,1402,0
251,701,0
161,459,0
77,1199,0
179,1150,0
704,1477,0
492,1122,0
511,1242,0
337,485,0
510,145,0
217,411,0
126,699,0
685,274,0
71,900,0
210,1123,0
399,740,0
368,65,0
680,1251,0
387,398,0
561,259,0
490,1232,0
601,606,0
84,1328,0
415,961,0
449,827,0
661,159,0
30,545,0
675,175,0
150,707,0
674,174,0
577,367,0
160,300,0
478,208,0
377,1171,0
577,503,0
280,924,0
323,694,0
111,1240,0
554,250,0
395,1209,0
174,412,0
462,1383,0
444,306,0
566,1077,0
214,1430,0
381,575,0
605,819,0
17,457,0
400,109,0
577,156,0
526,732,0
419,90,0
265,568,0
188,715,0
434,1010,0
21,419,0
376,274,0
51,1168,0
281,961,0
660,803,0
226,1408,0
136,80,0
385,650,0
643,1028,0
153,485,0
677,923,0
111,1172,0
604,217,0
30,130,0
484,1209,0
544,857,0
478,904,0
577,57,0
597,868,0
246,1320,0
443,565,0
673,63,0
288,53,0
236,133,0
95,1377,0
550,533,0
151,1457,0
528,1240,0
579,213,0
542,244,0
518,463,0
534,1,0
697,1481,0
407,1213,0
110,899,0
241,629,0
307,195,0
226,448,0
261,899,0
491,1487,0
351,393,0
574,1030,0
562,737,0
402,399,0
304,1217,0
573,155,0
297,499,0
491,443,0
567,1113,0
596,1506,0
426,243,0
318,622,0
660,1175,0
195,456,0
248,43,0
364,190,0
270,729,0
16,1277,0
322,1210,0
623,1127,0
527,1032,0
476,343,0
12,748,0
182,468,0
260,121,0
12,760,0
498,253,0
554,950,0
648,1115,0
74,608,0
495,236,0
356,823,0
640,539,0
707,11,0
508,1164,0
270,3,0
683,192,0
160,482,0
685,1473,0
56,1294,0
601,354,0
137,1060,0
470,664,0
402,493,0
237,216,0
468,1415,0
419,798,0
19,578,0
141,194,0
626,1294,0
565,1327,0
133,238,0
173,496,0
40,1409,0
32,253,0
20,355,0
505,446,0
89,1231,0
667,630,0
230,79,0
296,883,0
120,1457,0
488,1087,0
554,259,0
71,741,0
0,195,0
471,922,0
656,1080,0
550,1187,0
694,654,0
25,894,0
292,911,0
707,1237,0
335,7,0
407,184,0
621,393,0
92,1,0
682,1106,0
429,210,0
590,539,0
505,705,0
132,1402,0
470,745,0
631,10,0
283,468,0
566,1446,0
682,205,0
278,665,0
310,79,0
316,634,0
66,877,0
21,964,0
658,105,0
272,390,0
108,464,0
184,274,0
156,915,0
103,817,0
141,825,0
600,438,0
462,209,0
398,765,0
680,631,0
14,176,0
194,456,0
309,447,0
344,138,0
670,1437,0
248,626,0
93,706,0
612,1364,0
101,228,0
279,441,0
484,1498,0
204,1278,0
395,1026,0
194,259,0
658,270,0
153,920,0
133,541,0
245,668,0
542,678,0
613,1046,0
284,785,0
385,777,0
377,1130,0
586,81,0
417,1156,0
172,1313,0
492,336,0
79,1434,0
705,1436,0
280,1377,0
548,1209,0
223,919,0
226,1324,0
543,113,0
196,1024,0
600,1365,0
184,1292,0
700,1120,0
10,676,0
98,913,0
555,348,0
427,1263,0
551,1187,0
637,720,0
261,908,0
628,1356,0
355,43,0
458,919,0
478,387,0
34,722,0
82,632,0
637,205,0
423,403,0
30,155,0
147,307,0
348,628,0
416,820,0
560,684,0
703,631,0
281,536,0
145,383,0
82,318,0
233,840,0
22,944,0
283,321,0
198,561,0
191,93,0
682,1349,0
13,1013,0
8,951,0
69,845,0
505,3,0
206,1021,0
601,912,0
662,475,0
669,703,0
342,542,0
232,2,0
154,251,0
145,710,0
556,160,0
365,1494,0
202,482,0
156,481,0
697,796,0
143,448,0
106,255,0
578,1051,0
481,296,0
213,175,0
261,805,0
494,1092,0
138,211,0
547,1355,0
458,940,0
515,1303,0
571,526,0
692,362,0
36,458,0
462,845,0
538,233,0
191,1264,0
510,885,0
485,945,0
482,1037,0
513,1135,0
347,331,0
537,1181,0
440,135,0
432,100,0
125,1281,0
477,708,0
184,968,0
641,1487,0
578,247,0
689,1236,0
550,983,0
705,100,0
630,1361,0
167,1217,0
410,1069,0
323,308,0
358,453,0
321,414,0
416,425,0
390,1031,0
68,6,0
473,961,0
8,1056,0
40,522,0
653,827,0
222,239,0
72,1348,0
318,781,0
586,399,0
578,396,0
520,808,0
486,357,0
652,283,0
465,259,0
537,458,0
196,981,0
257,474,0
578,925,0
479,577,0
33,837,0
353,698,0
550,1027,0
201,426,0
359,1497,0
189,1065,0
156,10,0
236,1459,0
510,1279,0
413,860,0
450,324,0
261,784,0
502,1229,0
593,1432,0
548,1094,0
50,717,0
570,1012,0
276,1470,0
82,1406,0
19,715,0
181,1489,0
171,704,0
614,1038,0
692,673,0
561,596,0
260,444,0
263,1181,0
38,769,0
18,1031,0
276,1231,0
300,903,0
551,381,0
542,1118,0
294,410,0
24,680,0
378,869,0
402,1375,0
553,688,0
82,107,0
460,952,0
340,1138,0
170,992,0
514,1047,0
357,295,0
530,630,0
80,1379,0
36,1144,0
460,1184,0
365,527,0
472,1348,0
116,1040,0
555,510,0
1,103,0
312,398,0
679,870,0
31,1148,0
427,1365,0
469,1450,0
160,915,0
193,767,0
684,963,0
210,410,0
141,310,0
584,1437,0
538,1438,0
142,1143,0
452,1207,0
432,443,0
92,828,0
125,376,0
691,1302,0
401,1273,0
190,747,0
39,1492,0
201,395,0
130,651,0
274,615,0
269,1030,0
384,726,0
147,1369,0
81,1474,0
391,535,0
316,1191,0
70,440,0
363,193,0
80,669,0
175,96,0
95,1339,0
200,1198,0
521,874,0
698,617,0
271,390,0
152,741,0
358,1454,0
624,1334,0
569,395,0
276,533,0
247,1179,0
684,83,0
657,419,0
140,1286,0
428,1105,0
315,772,0
8,1027,0
154,1409,0
305,1283,0
359,1130,0
91,354,0
264,310,0
310,667,0
246,26,0
685,1103,0
29,783,0
29,1320,0
333,1273,0
376,886,0
51,1095,0
269,201,0
310,358,0
685,107,0
170,643,0
628,565,0
7,1046,0
269,516,0
684,597,0
386,313,0
239,640,0
36,1401,0
313,132,0
488,34,0
128,222,0
207,1215,0
99,656,0
332,878,0
472,1274,0
57,113,0
353,55,0
298,123,0
535,592,0
227,477,0
86,600,0
541,326,0
567,1454,0
210,82,0
27,645,0
258,645,0
650,1443,0
548,505,0
456,683,0
449,795,0
84,1181,0
666,1291,0
282,1210,0
326,819,0
462,1296,0
99,1282,0
152,742,0
688,636,0
166,887,0
55,325,0
451,409,0
334,1459,0
450,714,0
446,878,0
50,1295,0
247,529,0
655,1266,0
655,125,0
699,1205,0
423,997,0
516,1143,0
349,97,0
437,164,0
663,1125,0
586,342,0
694,708,0
642,664,0
303,1137,0
188,700,0
476,207,0
419,1070,0
19,169,0
281,717,0
505,1296,0
73,616,0
100,1170,0
356,1089,0
523,815,0
345,1391,0
552,1252,0
188,557,0
237,53,0
471,436,0
564,1022,0
402,115,0
373,885,0
705,1092,0
84,903,0
61,126,0
171,1399,0
364,710,0
570,1126,0
699,943,0
2,31,0
665,18,0
704,1407,0
60,100,0
51,531,0
519,1285,0
519,496,0
225,890,0
543,1441,0
334,432,0
462,1320,0
176,138,0
27,1014,0
134,947,0
417,1035,0
179,61,0
363,1338,0
613,1072,0
384,1084,0
198,1339,0
495,871,0
313,938,0
440,5,0
530,1022,0
293,1022,0
623,471,0
411,88,0
399,574,0
569,779,0
641,357,0
389,615,0
348,1225,0
264,0,0
533,883,0
265,713,0
132,746,0
59,756,0
265,555,0
674,1311,0
456,1158,0
312,1256,0
666,773,0
134,603,0
329,1272,0
649,1349,0
211,1390,0
264,126,0
599,777,0
298,1303,0
589,682,0
623,96,0
366,646,0
481,910,0
197,1206,0
698,1232,0
465,1447,0
107,351,0
675,1497,0
101,186,0
621,1509,0
558,1023,0
268,1399,0
585,523,0
16,490,0
176,193,0
295,796,0
616,681,0
393,64,0
409,50,0
216,1120,0
553,786,0
285,338,0
234,223,0
214,915,0
331,832,0
497,1279,0
54,1462,0
73,166,0
203,859,0
46,540,0
90,1328,0
223,1070,0
114,898,0
543,482,0
306,441,0
581,185,0
675,860,0
407,192,0
217,819,0
197,711,0
589,563,0
392,48,0
641,125,0
90,1098,0
33,1069,0
377,583,0
18,1192,0
690,822,0
485,1341,0
76,591,0
645,952,0
43,1222,0
697,431,0
274,1101,0
703,257,0
600,1478,0
256,1270,0
652,124,0
234,897,0
434,1511,0
225,1479,0
450,188,0
193,1135,0
667,1243,0
386,1242,0
426,434,0
535,902,0
496,792,0
140,1149,0
646,382,0
487,331,0
389,1162,0
316,715,0
638,673,0
419,659,0
675,520,0
361,851,0
139,518,0
463,1301,0
701,794,0
439,56,0
672,60,0
304,814,0
437,749,0
339,385,0
141,705,0
677,589,0
424,237,0
215,815,0
267,477,0
134,1212,0
460,448,0
448,55,0
182,219,0
481,1359,0
338,462,0
319,201,0
574,760,0
556,170,0
701,341,0
162,147,0
615,1436,0
246,1273,0
477,973,0
123,685,0
591,909,0
602,450,0
649,1143,0
543,247,0
147,623,0
509,213,0
234,524,0
299,1224,0
309,263,0
486,1349,0
409,1148,0
486,1022,0
146,1166,0
528,1153,0
671,774,0
154,849,0
311,1072,0
95,836,0
661,127,0
121,1252,0
693,215,0
177,481,0
580,279,0
673,38,0
424,624,0
697,1505,0
333,320,0
34,901,0
238,1382,0
239,184,0
187,273,0
229,1491,0
497,1192,0
491,38,0
226,1066,0
525,1412,0
641,1086,0
119,637,0
130,1353,0
386,1400,0
413,42,0
303,1086,0
566,93,0
52,276,0
548,1039,0
381,40,0
299,1360,0
512,1338,0
253,166,0
488,369,0
80,1471,0
337,873,0
580,653,0
580,1423,0
139,206,0
495,472,0
694,618,0
167,1475,0
473,707,0
499,637,0
539,105,0
640,573,0
56,220,0
507,219,0
145,66,0
394,833,0
275,1034,0
533,1150,0
638,710,0
256,1166,0
693,803,0
132,1154,0
662,524,0
91,1459,0
614,639,0
64,1509,0
64,316,0
167,356,0
221,151,0
271,292,0
28,416,0
567,714,0
114,880,0
470,307,0
86,381,0
704,357,0
68,1256,0
83,418,0
564,1112,0
550,37,0
202,280,0
412,454,0
425,1066,0
220,593,0
643,1380,0
76,643,0
8,145,0
659,1248,0
473,187,0
454,1314,0
411,42,0
339,682,0
80,63,0
469,6,0
421,277,0
553,1065,0
514,1113,0
686,253,0
404,181,0
512,80,0
287,1097,0
27,1136,0
58,470,0
71,897,0
284,134,0
151,712,0
654,274,0
147,439,0
138,1070,0
544,687,0
330,771,0
223,731,0
581,326,0
524,206,0
227,1307,0
93,823,0
652,1306,0
302,449,0
663,1205,0
362,295,0
10,1265,0
406,242,0
568,54,0
213,739,0
253,611,0
680,120,0
265,1389,0
585,296,0
226,267,0
569,48,0
479,1503,0
24,686,0
591,1234,0
133,1388,0
76,962,0
63,118,0
438,495,0
112,594,0
115,50,0
601,1419,0
407,761,0
177,726,0
665,270,0
680,298,0
109,696,0
246,1151,0
678,1283,0
132,1398,0
19,549,0
475,495,0
498,49,0
407,1026,0
121,474,0
217,1202,0
245,811,0
427,1396,0
528,1328,0
408,422,0
464,331,0
13,1312,0
125,97,0
117,553,0
265,1509,0
39,1076,0
606,323,0
259,1197,0
686,739,0
401,1061,0
485,648,0
379,1379,0
428,1196,0
345,1263,0
361,1333,0
541,98,0
387,1274,0
224,928,0
637,672,0
155,237,0
247,328,0
521,820,0
178,853,0
434,643,0
16,123,0
219,61,0
698,846,0
421,148,0
3,1233,0
656,788,0
39,1384,0
433,828,0
445,656,0
697,1262,0
487,1463,0
432,700,0
662,670,0
317,1502,0
305,994,0
123,22,0
389,1257,0
364,146,0
82,381,0
459,246,0
166,1013,0
414,200,0
75,406,0
299,1008,0
173,1144,0
382,1388,0
288,971,0
19,1251,0
541,1155,0
488,351,0
154,428,0
655,899,0
332,897,0
451,1357,0
476,199,0
72,623,0
475,319,0
245,1493,0
412,961,0
539,70,0
23,675,0
383,1426,0
424,443,0
210,1088,0
457,1408,0
121,1217,0
68,857,0
343,110,0
41,796,0
64,607,0
56,254,0
603,270,0
702,109,0
406,1313,0
163,1369,0
682,958,0
148,1443,0
544,520,0
191,812,0
532,1466,0
225,1258,0
213,384,0
470,1295,0
266,726,0
453,884,0
394,464,0
390,1221,0
235,215,0
636,1391,0
234,104,0
445,464,0
437,246,0
629,1067,0
39,1016,0
162,886,0
99,239,0
259,129,0
201,454,0
67,1404,0
121,1226,0
190,658,0
644,533,0
247,1292,0
675,1470,0
67,580,0
408,722,0
465,1199,0
248,967,0
244,909,0
454,266,0
460,1044,0
422,870,0
485,1128,0
553,139,0
577,249,0
76,1413,0
337,644,0
314,217,0
563,1436,0
491,610,0
672,1374,0
329,51,0
298,640,0
671,234,0
634,53,0
652,1434,0
87,983,0
490,220,0
498,127,0
79,1215,0
166,886,0
56,836,0
645,794,0
343,1041,0
57,484,0
123,747,0
465,161,0
239,213,0
341,1492,0
119,1412,0
491,145,0
523,572,0
53,1487,0
74,1140,0
559,90,0
663,1029,0
153,937,0
692,77,0
611,616,0
391,226,0
494,73,0
661,1233,0
301,1397,0
644,791,0
246,1107,0
401,1336,0
46,787,0
473,794,0
289,846,0
633,513,0
458,833,0
678,573,0
705,739,0
175,1307,0
421,1051,0
317,196,0
513,1319,0
531,1462,0
575,988,0
688,50,0
328,331,0
288,1355,0
145,392,0
219,746,0
517,1136,0
630,5,0
487,1394,0
177,1222,0
151,1093,0
568,511,0
137,27,0
164,1402,0
60,349,0
118,262,0
337,1191,0
167,954,0
61,1301,0
339,941,0
400,326,0
158,556,0
688,943,0
563,1353,0
239,1110,0
148,190,0
600,314,0
599,455,0
551,92,0
93,12,0
139,1132,0
627,1041,0
412,578,0
50,799,0
306,16,0
95,821,0
707,875,0
341,1064,0
633,1376,0
376,23,0
145,253,0
564,1048,0
554,569,0
410,658,0
574,1243,0
184,1409,0
562,1454,0
453,652,0
96,1284,0
433,1429,0
315,1042,0
270,937,0
213,233,0
701,893,0
684,192,0
613,1309,0
642,1452,0
486,98,0
372,66,0
332,724,0
60,634,0
27,965,0
270,1316,0
502,625,0
510,332,0
112,1479,0
394,1233,0
580,1406,0
59,766,0
425,1385,0
616,158,0
322,981,0
205,642,0
47,349,0
284,712,0
383,1242,0
311,844,0
405,1316,0
71,519,0
612,1045,0
246,477,0
115,13,0
18,46,0
509,78,0
487,109,0
77,1270,0
350,908,0
680,1367,0
352,1459,0
93,255,0
410,1006,0
39,972,0
434,238,0
519,841,0
386,37,0
525,1416,0
458,674,0
338,325,0
33,1439,0
239,576,0
206,110,0
420,82,0
575,1399,0
80,681,0
467,996,0
297,1230,0
349,116,0
307,703,0
397,593,0
438,705,0
117,1251,0
82,991,0
374,337,0
534,265,0
143,876,0
224,1411,0
577,17,0
327,621,0
325,1098,0
594,567,0
625,491,0
498,376,0
642,237,0
238,1277,0
29,1436,0
694,768,0
422,153,0
141,891,0
255,91,0
143,719,0
462,563,0
370,131,0
685,129,0
285,1494,0
84,1453,0
14,1236,0
217,68,0
566,323,0
514,716,0
311,81,0
681,1079,0
578,837,0
55,1380,0
227,1265,0
77,135,0
431,156,0
111,562,0
410,917,0
677,328,0
703,794,0
212,1028,0
163,956,0
670,472,0
285,447,0
582,452,0
329,1113,0
154,6,0
544,506,0
317,588,0
309,951,0
453,624,0
402,345,0
617,1195,0
664,1304,0
130,719,0
57,468,0
347,125,0
347,539,0
134,759,0
638,903,0
608,1492,0
139,1165,0
515,440,0
417,46,0
609,1306,0
662,119,0
121,1127,0
354,619,0
185,1202,0
696,570,0
95,1240,0
296,779,0
141,1387,0
518,560,0
64,1223,0
694,663,0
384,789,0
681,471,0
386,1336,0
236,1064,0
453,1492,0
528,1084,0
640,1507,0
565,1372,0
340,1322,0
121,336,0
63,1012,0
421,256,0
47,855,0
634,176,0
66,776,0
166,952,0
141,82,0
114,993,0
289,1131,0
439,954,0
498,616,0
78,697,0
153,1483,0
215,421,0
391,569,0
695,141,0
576,596,0
687,709,0
608,650,0
654,184,0
528,817,0
633,616,0
425,1510,0
111,725,0
29,975,0
544,1168,0
597,40,0
291,748,0
492,227,0
510,263,0
615,126,0
97,1043,0
627,225,0
183,38,0
146,1012,0
674,365,0
648,42,0
327,986,0
681,371,0
668,1094,0
218,230,0
311,1242,0
61,1468,0
452,1214,0
626,1060,0
220,994,0
556,140,0
267,969,0
17,1045,0
591,312,0
508,85,0
137,784,0
516,1128,0
57,1497,0
143,192,0
525,1496,0
154,1463,0
610,1367,0
421,1426,0
611,1436,0
414,179,0
236,947,0
457,738,0
140,1159,0
487,1380,0
112,1224,0
245,282,0
583,176,0
90,230,0
545,1217,0
531,413,0
383,837,0
290,927,0
531,485,0
480,995,0
539,396,0
248,33,0
681,318,0
457,115,0
436,1300,0
69,806,0
411,154,0
466,33,0
223,1483,0
346,926,0
267,1111,0
674,1110,0
595,923,0
172,629,0
124,623,0
417,1264,0
53,769,0
64,1335,0
690,555,0
343,1142,0
252,242,0
200,1258,0
346,740,0
523,1411,0
176,944,0
33,291,0
508,335,0
502,1464,0
67,906,0
130,120,0
394,713,0
706,76,0
223,890,0
34,843,0
555,626,0
621,98,0
3,712,0
154,955,0
432,418,0
474,896,0
347,551,0
447,19,0
335,24,0
24,628,0
627,179,0
495,762,0
562,43,0
5,1239,0
266,264,0
521,282,0
64,274,0
98,820,0
486,36,0
121,479,0
120,1075,0
385,807,0
530,1355,0
417,1356,0
177,1497,0
22,790,0
431,28,0
117,273,0
96,60,0
583,124,0
548,953,0
553,776,0
347,1181,0
297,617,0
528,1248,0
206,195,0
518,791,0
661,705,0
7,271,0
133,1143,0
189,1331,0
64,15,0
136,6,0
92,551,0
638,382,0
232,638,0
57,1510,0
90,602,0
161,508,0
4,477,0
96,558,0
611,942,0
413,146,0
253,186,0
562,79,0
545,776,0
74,1288,0
95,322,0
443,176,0
39,534,0
500,560,0
689,1102,0
286,1050,0
152,691,0
313,393,0
620,613,0
570,1250,0
597,471,0
391,846,0
478,174,0
478,1204,0
644,1020,0
363,52,0
267,1396,0
144,705,0
704,764,0
442,1262,0
614,1342,0
381,940,0
95,1298,0
644,606,0
471,811,0
530,60,0
26,1006,0
608,234,0
459,386,0
211,184,0
401,599,0
227,1117,0
324,958,0
389,862,0
544,1108,0
51,695,0
110,1137,0
633,43,0
631,714,0
630,1462,0
228,549,0
410,198,0
348,739,0
642,1347,0
625,532,0
350,927,0
284,1092,0
359,970,0
593,149,0
201,510,0
471,784,0
480,1430,0
622,1259,0
285,666,0
150,1124,0
447,443,0
8,592,0
481,923,0
327,21,0
289,1321,0
358,861,0
440,799,0
494,1253,0
641,434,0
226,1483,0
347,609,0
433,382,0
508,1470,0
699,292,0
534,111,0
575,727,0
531,980,0
234,946,0
673,206,0
602,1034,0
653,525,0
334,2,0
233,334,0
231,763,0
546,98,0
141,630,0
145,967,0
591,1039,0
672,701,0
55,208,0
433,1461,0
33,1208,0
29,894,0
506,829,0
642,210,0
59,166,0
303,104,0
112,10,0
225,727,0
609,24,0
357,190,0
466,242,0
567,798,0
245,1352,0
181,651,0
595,955,0
672,1485,0
136,748,0
144,1410,0
424,1510,0
504,1138,0
373,1397,0
426,1024,0
121,1197,0
602,1043,0
320,1103,0
177,1507,0
545,43,0
582,1445,0
511,181,0
345,1255,0
66,671,0
366,640,0
36,1431,0
340,1264,0
30,133,0
281,465,0
330,810,0
618,101,0
167,171,0
431,678,0
265,663,0
61,368,0
555,834,0
151,1407,0
420,806,0
140,1400,0
52,1233,0
102,266,0
264,691,0
358,647,0
551,705,0
151,30,0
635,355,0
156,329,0
317,151,0
655,461,0
652,40,0
604,413,0
594,1422,0
262,638,0
621,1364,0
150,281,0
243,1311,0
490,1238,0
191,119,0
377,599,0
660,581,0
598,446,0
395,422,0
480,1164,0
201,213,0
582,1291,0
608,516,0
47,1178,0
271,976,0
6,1236,0
427,1053,0
543,925,0
502,28,0
54,557,0
492,1472,0
647,419,0
193,1497,0
529,303,0
370,846,0
606,648,0
34,196,0
633,1154,0
284,1425,0
113,1500,0
87,1504,0
246,787,0
87,930,0
465,431,0
465,513,0
474,1203,0
215,33,0
437,809,0
164,621,0
376,346,0
424,414,0
246,648,0
279,304,0
241,1384,0
104,1154,0
697,52,0
499,439,0
265,841,0
72,854,0
301,141,0
40,979,0
456,1284,0
572,1076,0
337,1481,0
205,917,0
562,732,0
75,805,0
122,1151,0
376,119,0
8,1400,0
606,41,0
51,1040,0
641,544,0
583,297,0
645,194,0
534,622,0
392,1132,0
82,85,0
667,447,0
510,406,0
518,1022,0
120,848,0
511,1148,0
357,445,0
18,837,0
376,1497,0
181,1400,0
463,27,0
90,813,0
558,726,0
322,1311,0
435,406,0
225,67,0
608,712,0
107,1472,0
541,991,0
233,4,0
297,1467,0
139,1445,0
505,240,0
18,1365,0
617,724,0
146,361,0
270,346,0
377,851,0
590,1231,0
213,1246,0
164,843,0
87,297,0
231,21,0
585,1423,0
684,696,0
576,212,0
465,233,0
255,1473,0
702,831,0
495,354,0
650,262,0
261,95,0
451,150,0
178,57,0
117,994,0
27,673,0
541,877,0
303,874,0
633,1475,0
534,398,0
447,799,0
310,253,0
88,964,0
327,1146,0
342,189,0
342,1432,0
97,1272,0
363,1504,0
694,1074,0
703,770,0
7,1374,0
597,1351,0
552,310,0
266,633,0
583,1336,0
495,499,0
162,992,0
677,1392,0
115,308,0
165,1092,0
499,925,0
160,50,0
318,520,0
43,105,0
319,1284,0
344,532,0
299,380,0
68,532,0
434,7,0
512,948,0
80,641,0
608,888,0
400,736,0
134,687,0
95,1360,0
56,421,0
329,1212,0
693,585,0
545,348,0
666,362,0
306,210,0
267,48,0
243,1016,0
584,706,0
69,511,0
669,1413,0
99,1215,0
305,273,0
139,1181,0
423,1236,0
104,642,0
291,231,0
176,101,0
426,1174,0
579,43,0
215,472,0
398,1159,0
688,596,0
176,1446,0
529,1427,0
316,6,0
178,774,0
454,1030,0
602,1127,0
575,1485,0
534,328,0
55,409,0
606,311,0
17,179,0
434,717,0
421,924,0
102,368,0
695,860,0
27,525,0
523,570,0
181,1167,0
27,358,0
256,809,0
497,1196,0
234,676,0
25,590,0
91,329,0
574,481,0
491,719,0
168,123,0
14,134,0
695,1022,0
526,801,0
488,917,0
340,428,0
401,1303,0
317,1282,0
150,61,0
506,1280,0
487,628,0
198,366,0
169,1498,0
482,361,0
661,86,0
575,464,0
303,215,0
54,961,0
298,909,0
617,223,0
82,806,0
262,113,0
335,230,0
176,850,0
691,686,0
426,1093,0
151,531,0
128,931,0
6,1189,0
370,977,0
195,1035,0
692,1360,0
106,1317,0
155,601,0
277,289,0
449,323,0
307,1028,0
367,1145,0
76,89,0
18,556,0
468,1288,0
535,636,0
14,109,0
265,230,0
133,296,0
676,375,0
286,866,0
12,945,0
576,990,0
250,731,0
200,1433,0
649,690,0
359,138,0
475,884,0
655,411,0
306,634,0
665,112,0
621,424,0
76,1038,0
24,785,0
378,953,0
455,1023,0
111,675,0
633,931,0
84,1332,0
393,842,0
247,1361,0
100,621,0
267,640,0
135,119,0
79,1100,0
428,1032,0
677,402,0
679,245,0
420,282,0
395,235,0
656,1166,0
576,390,0
290,1073,0
353,533,0
32,1416,0
637,520,0
361,1469,0
154,591,0
682,661,0
483,1240,0
202,1004,0
46,1328,0
623,1328,0
512,622,0
385,1092,0
295,667,0
500,748,0
355,425,0
667,987,0
253,1450,0
295,882,0
439,689,0
156,1070,0
668,848,0
620,1135,0
561,385,0
379,266,0
166,615,0
648,1475,0
435,986,0
343,341,0
449,1074,0
315,495,0
695,7,0
535,930,0
374,373,0
37,983,0
181,1354,0
17,399,0
373,1153,0
512,581,0
311,1352,0
667,1084,0
509,1334,0
360,123,0
325,1182,0
445,97,0
254,1231,0
633,1056,0
34,1292,0
403,1249,0
628,917,0
148,303,0
212,96,0
208,584,0
349,294,0
537,488,0
213,1473,0
621,1305,0
342,381,0
331,162,0
559,1299,0
38,1370,0
388,12,0
507,1018,0
700,288,0
219,12,0
353,15,0
350,744,0
663,1099,0
459,1489,0
689,1320,0
201,1003,0
665,835,0
10,533,0
461,984,0
461,218,0
36,459,0
246,721,0
5,1290,0
640,783,0
520,1464,0
682,755,0
375,729,0
177,348,0
144,236,0
557,650,0
452,1480,0
125,1120,0
686,792,0
20,766,0
19,571,0
335,574,0
374,1239,0
173,296,0
46,1479,0
440,1342,0
179,811,0
665,806,0
546,1209,0
608,839,0
618,222,0
249,309,0
60,1031,0
260,635,0
305,897,0
81,169,0
518,1473,0
214,595,0
488,1374,0
668,130,0
94,1503,0
240,881,0
176,1225,0
357,1395,0
577,44,0
378,1196,0
354,788,0
112,876,0
623,1128,0
322,703,0
249,1414,0
463,578,0
106,351,0
424,1170,0
263,1209,0
631,1382,0
334,1059,0
85,548,0
32,513,0
178,1113,0
89,82,0
395,1416,0
85,814,0
292,307,0
63,269,0
271,320,0
477,804,0
491,808,0
435,902,0
700,423,0
188,147,0
494,571,0
447,354,0
377,156,0
690,735,0
360,681,0
138,1403,0
367,869,0
447,930,0
345,1120,0
586,654,0
587,1085,0
42,613,0
327,1277,0
161,1268,0
41,309,0
137,842,0
650,1150,0
268,1198,0
104,182,0
401,580,0
224,363,0
640,819,0
140,675,0
335,1344,0
22,661,0
610,395,0
592,144,0
655,665,0
556,723,0
291,741,0
90,413,0
504,367,0
233,297,0
575,376,0
623,1334,0
502,1170,0
596,1446,0
648,969,0
270,854,0
534,1419,0
315,30,0
583,373,0
565,1497,0
259,944,0
668,270,0
332,653,0
55,243,0
174,1322,0
456,517,0
148,1073,0
675,1145,0
278,486,0
386,972,0
322,790,0
428,1052,0
24,1037,0
674,659,0
466,569,0
246,1141,0
539,493,0
632,1305,0
412,614,0
589,1085,0
425,815,0
493,359,0
12,1199,0
268,512,0
436,657,0
162,576,0
254,42,0
626,997,0
98,1173,0
256,763,0
447,426,0
700,1232,0
133,1117,0
6,606,0
216,278,0
58,781,0
677,1252,0
501,503,0
339,1114,0
605,1036,0
382,1076,0
641,119,0
657,248,0
200,237,0
572,212,0
57,358,0
341,138,0
174,1228,0
233,676,0
227,771,0
420,864,0
116,1316,0
88,119,0
304,523,0
117,503,0
22,10,0
13,839,0
517,81,0
437,411,0
460,998,0
10,1057,0
493,1204,0
135,392,0
73,817,0
288,377,0
101,968,0
409,1147,0
678,958,0
214,462,0
28,27,0
557,806,0
318,758,0
614,348,0
43,727,0
88,731,0
626,140,0
256,786,0
258,1379,0
122,1068,0
490,442,0
425,167,0
481,909,0
270,706,0
190,1300,0
244,156,0
652,520,0
633,1438,0
379,605,0
214,460,0
614,875,0
29,317,0
477,52,0
531,203,0
518,679,0
326,434,0
615,619,0
229,570,0
684,142,0
549,560,0
700,905,0
99,568,0
121,185,0
138,1355,0
60,490,0
114,714,0
181,675,0
298,577,0
240,163,0
560,1454,0
274,1013,0
137,711,0
187,1338,0
265,246,0
174,1388,0
332,444,0
43,299,0
540,1061,0
357,317,0
103,1321,0
117,763,0
276,784,0
433,742,0
441,434,0
211,286,0
325,330,0
330,1,0
705,10,0
671,255,0
484,131,0
270,55,0
552,170,0
14,1187,0
508,766,0
177,388,0
620,891,0
25,463,0
283,442,0
104,861,0
223,953,0
113,647,0
625,1182,0
701,1129,0
266,799,0
194,869,0
646,929,0
59,716,0
481,860,0
189,535,0
672,1329,0
628,903,0
571,1419,0
46,55,0
86,1194,0
92,50,0
631,136,0
139,838,0
27,1027,0
104,534,0
352,407,0
219,176,0
585,1138,0
89,1191,0
498,700,0
611,584,0
636,473,0
375,888,0
54,425,0
498,427,0
668,419,0
638,1288,0
563,318,0
285,484,0
530,620,0
566,1430,0
77,1180,0
341,357,0
635,1456,0
618,1195,0
434,646,0
608,210,0
511,1298,0
698,122,0
26,296,0
535,115,0
214,1328,0
438,919,0
473,60,0
639,332,0
601,807,0
88,759,0
517,908,0
216,1080,0
525,1340,0
484,756,0
128,544,0
45,584,0
283,290,0
152,251,0
20,1327,0
84,810,0
662,876,0
619,1247,0
210,214,0
307,60,0
505,843,0
5,905,0
388,1392,0
109,454,0
646,1033,0
703,176,0
61,578,0
207,501,0
82,1313,0
469,46,0
161,215,0
369,306,0
652,533,0
152,1267,0
42,388,0
377,402,0
305,1469,0
57,571,0
22,614,0
201,983,0
330,1040,0
563,369,0
525,395,0
604,1425,0
619,1092,0
275,309,0
395,1336,0
565,1385,0
19,1500,0
271,672,0
394,1330,0
19,597,0
248,237,0
286,1418,0
148,233,0
619,382,0
636,347,0
465,1268,0
280,282,0
313,994,0
458,388,0
436,403,0
239,27,0
559,986,0
30,747,0
534,1070,0
338,914,0
450,893,0
200,462,0
396,52,0
236,1323,0
674,1293,0
398,246,0
659,1325,0
228,90,0
595,859,0
174,619,0
472,56,0
530,1204,0
643,1146,0
428,371,0
534,266,0
108,3,0
595,36,0
326,543,0
247,1485,0
229,834,0
130,458,0
444,564,0
441,119,0
218,616,0
706,305,0
280,274,0
89,76,0
674,781,0
202,1453,0
16,756,0
646,357,0
11,1398,0
104,795,0
7,506,0
459,570,0
620,132,0
444,484,0
309,164,0
289,63,0
130,216,0
36,933,0
632,1494,0
301,1049,0
421,1206,0
231,1250,0
613,1243,0
393,702,0
191,1032,0
327,1267,0
11,1424,0
393,607,0
487,1269,0
543,52,0
444,591,0
568,1384,0
341,432,0
362,996,0
679,606,0
593,1156,0
568,327,0
563,1031,0
541,1347,0
80,1391,0
513,1366,0
571,1175,0
614,464,0
574,1489,0
109,723,0
195,1305,0
500,199,0
40,498,0
473,468,0
173,224,0
295,821,0
133,1160,0
20,1377,0
243,1003,0
229,1096,0
665,690,0
324,413,0
631,1353,0
486,29,0
547,1352,0
293,883,0
314,33,0
539,626,0
30,150,0
146,741,0
443,330,0
210,1406,0
354,1103,0
556,938,0
310,1067,0
495,240,0
91,1063,0
219,297,0
316,842,0
156,98,0
385,1181,0
672,569,0
353,1186,0
272,1337,0
444,639,0
640,1476,0
148,745,0
329,145,0
96,415,0
33,1387,0
540,1270,0
654,339,0
282,965,0
375,1162,0
67,1320,0
327,1381,0
223,784,0
175,952,0
50,484,0
124,918,0
150,583,0
228,312,0
567,1433,0
143,1222,0
628,43,0
464,18,0
254,277,0
122,130,0
210,497,0
516,614,0
621,931,0
51,100,0
493,967,0
410,625,0
348,734,0
508,912,0
693,504,0
624,423,0
375,1440,0
105,657,0
138,580,0
552,495,0
107,663,0
429,651,0
10,1380,0
486,1465,0
458,989,0
217,617,0
186,417,0
370,748,0
251,385,0
660,9,0
461,810,0
481,1289,0
123,505,0
62,847,0
396,571,0
298,1076,0
676,1038,0
318,1076,0
35,1130,0
52,1344,0
586,1409,0
361,476,0
114,1152,0
172,82,0
406,1075,0
436,612,0
1,992,0
220,1134,0
130,365,0
95,1220,0
579,538,0
663,139,0
104,840,0
446,379,0
702,1077,0
565,702,0
416,46,0
640,1375,0
338,572,0
529,922,0
133,1163,0
487,971,0
233,1494,0
391,491,0
518,1423,0
555,594,0
345,766,0
242,1071,0
253,866,0
351,862,0
664,892,0
437,647,0
584,1431,0
157,568,0
394,272,0
631,1097,0
439,214,0
5,813,0
602,313,0
405,1504,0
161,1292,0
692,1116,0
582,1069,0
301,300,0
697,1178,0
448,746,0
528,1228,0
69,234,0
522,93,0
494,821,0
470,998,0
605,818,0
138,118,0
413,987,0
468,465,0
51,1037,0
565,1108,0
51,313,0
600,1259,0
585,1430,0
209,473,0
493,1130,0
393,1295,0
675,145,0
107,202,0
468,271,0
464,1015,0
193,1000,0
83,376,0
388,1068,0
628,1,0
474,1242,0
164,351,0
353,1047,0
190,1327,0
597,877,0
80,386,0
151,681,0
173,103,0
518,964,0
133,725,0
493,795,0
382,46,0
315,1244,0
555,1205,0
560,1351,0
208,1446,0
543,973,0
305,1426,0
489,1236,0
130,1378,0
553,142,0
664,931,0
143,111,0
229,969,0
352,982,0
294,1295,0
377,568,0
541,1383,0
290,7,0
105,1319,0
440,452,0
498,1136,0
303,686,0
475,819,0
661,1416,0
224,453,0
532,722,0
706,24,0
367,646,0
144,884,0
609,1171,0
439,322,0
240,455,0
617,1357,0
141,1305,0
453,17,0
211,718,0
110,249,0
703,1029,0
336,1295,0
32,148,0
560,1137,0
271,634,0
342,742,0
168,1407,0
81,880,0
125,510,0
432,323,0
677,170,0
459,598,0
605,441,0
255,858,0
127,1290,0
263,1234,0
188,174,0
301,649,0
446,181,0
621,1238,0
302,881,0
448,889,0
93,347,0
265,1110,0
246,1163,0
66,576,0
223,78,0
518,1434,0
411,206,0
201,425,0
363,1331,0
305,853,0
377,432,0
65,944,0
178,228,0
249,215,0
577,550,0
304,146,0
360,183,0
383,1130,0
161,44,0
694,237,0
575,1175,0
211,1161,0
582,887,0
673,1009,0
582,270,0
324,74,0
409,717,0
665,153,0
78,372,0
182,945,0
75,1299,0
11,503,0
119,1463,0
458,892,0
153,630,0
290,1273,0
569,121,0
621,418,0
382,662,0
589,180,0
117,333,0
571,1375,0
238,912,0
286,1109,0
329,937,0
275,215,0
59,908,0
686,994,0
486,444,0
247,971,0
317,423,0
544,521,0
189,1312,0
203,218,0
91,1061,0
678,913,0
308,449,0
379,536,0
403,52,0
638,99,0
230,950,0
675,656,0
484,639,0
259,978,0
589,1104,0
77,183,0
621,811,0
245,261,0
240,1315,0
663,1377,0
512,1107,0
33,936,0
95,1062,0
129,1300,0
332,386,0
31,361,0
642,565,0
618,445,0
47,1064,0
274,565,0
450,109,0
680,211,0
458,144,0
278,10,0
686,143,0
336,533,0
193,1057,0
702,531,0
484,1167,0
375,534,0
521,356,0
255,1127,0
453,1293,0
506,756,0
482,88,0
412,1507,0
353,145,0
378,103,0
425,249,0
464,797,0
100,303,0
596,1152,0
507,1289,0
649,268,0
126,409,0
350,1392,0
436,898,0
167,891,0
476,1029,0
370,192,0
10,957,0
593,1034,0
162,1264,0
513,356,0
49,1467,0
618,185,0
384,1108,0
442,1117,0
160,233,0
109,124,0
210,342,0
504,693,0
99,1503,0
4,1207,0
411,426,0
564,742,0
200,1207,0
315,913,0
547,209,0
679,738,0
693,432,0
118,1187,0
301,828,0
525,54,0
3,930,0
84,492,0
219,1288,0
653,867,0
619,1096,0
486,102,0
679,1448,0
706,1480,0
642,198,0
241,644,0
298,570,0
208,1369,0
341,882,0
583,1443,0
445,693,0
350,139,0
112,793,0
644,1339,0
412,344,0
338,515,0
93,1442,0
334,866,0
600,157,0
492,116,0
574,1051,0
413,224,0
207,1486,0
702,772,0
555,1363,0
657,657,0
555,1017,0
166,559,0
441,440,0
10,106,0
258,771,0
545,287,0
468,1261,0
309,207,0
529,786,0
369,113,0
644,1352,0
491,276,0
432,368,0
706,1065,0
295,206,0
554,970,0
676,940,0
188,1370,0
706,696,0
516,1116,0
409,1188,0
472,1130,0
386,295,0
589,27,0
332,661,0
373,1185,0
331,50,0
48,1004,0
544,1359,0
578,1412,0
455,104,0
358,296,0
466,79,0
73,786,0
568,97,0
481,331,0
356,1508,0
554,1493,0
424,324,0
272,1395,0
116,1225,0
512,237,0
481,815,0
406,1292,0
660,1120,0
585,271,0
151,717,0
254,785,0
275,1394,0
519,1014,0
55,260,0
340,678,0
240,1044,0
284,104,0
401,68,0
570,831,0
174,1172,0
294,183,0
527,397,0
357,1336,0
236,642,0
429,213,0
239,1039,0
18,1470,0
683,119,0
390,1358,0
31,387,0
363,1238,0
211,260,0
252,63,0
389,138,0
512,277,0
266,1017,0
3,1115,0
54,841,0
468,938,0
320,911,0
672,1269,0
116,1068,0
77,278,0
310,1357,0
278,1155,0
93,737,0
685,1282,0
154,461,0
652,465,0
580,542,0
132,693,0
502,357,0
256,1108,0
665,406,0
119,863,0
104,1282,0
692,513,0
29,1001,0
698,1368,0
678,585,0
272,169,0
380,1232,0
633,1483,0
623,1361,0
492,297,0
100,713,0
122,623,0
141,904,0
593,1031,0
293,1067,0
218,1317,0
394,1333,0
340,50,0
354,815,0
700,732,0
190,523,0
443,170,0
476,1216,0
406,685,0
88,997,0
275,863,0
294,729,0
506,1091,0
390,28,0
588,769,0
217,878,0
114,1251,0
165,1220,0
298,829,0
641,526,0
182,214,0
118,144,0
261,331,0
394,1410,0
667,112,0
252,436,0
453,1386,0
187,411,0
521,1352,0
700,644,0
587,1461,0
179,366,0
16,1107,0
415,1162,0
153,845,0
662,1103,0
54,1012,0
67,1185,0
531,999,0
186,133,0
14,1275,0
692,951,0
223,109,0
528,1318,0
403,700,0
582,1302,0
370,780,0
100,67,0
470,1508,0
205,648,0
84,216,0
150,1158,0
397,806,0
395,515,0
371,1126,0
620,1411,0
387,187,0
571,336,0
551,1411,0
16,199,0
115,449,0
131,948,0
479,686,0
658,1390,0
89,1474,0
701,942,0
20,194,0
406,1047,0
44,520,0
13,1031,0
214,555,0
537,546,0
561,779,0
462,882,0
358,347,0
47,368,0
551,864,0
289,137,0
598,756,0
207,952,0
551,574,0
536,1483,0
381,432,0
114,1077,0
403,675,0
89,1342,0
245,106,0
364,131,0
360,2,0
245,1026,0
592,167,0
297,787,0
428,465,0
350,32,0
600,461,0
169,664,0
591,248,0
554,623,0
313,628,0
221,674,0
612,704,0
216,1160,0
95,712,0
337,1084,0
518,866,0
432,1267,0
291,139,0
214,586,0
648,456,0
425,1460,0
685,682,0
567,404,0
237,1295,0
7,241,0
191,300,0
443,457,0
338,347,0
213,242,0
563,414,0
592,1170,0
338,413,0
275,1017,0
630,720,0
582,314,0
489,829,0
385,1446,0
55,1421,0
571,1365,0
230,282,0
75,3,0
422,1495,0
592,695,0
654,244,0
673,271,0
514,447,0
243,123,0
385,738,0
87,147,0
17,246,0
289,1410,0
336,315,0
567,579,0
25,40,0
660,158,0
64,1046,0
304,35,0
431,738,0
460,1393,0
203,150,0
460,927,0
446,356,0
408,1382,0
285,723,0
62,950,0
512,385,0
360,1234,0
443,255,0
231,260,0
564,1139,0
23,4,0
396,389,0
341,1490,0
287,809,0
554,1365,0
195,1174,0
238,1112,0
248,447,0
682,1353,0
700,1181,0
35,1081,0
707,193,0
253,289,0
659,323,0
149,258,0
370,320,0
595,1101,0
622,504,0
420,22,0
484,290,0
157,78,0
151,1103,0
438,1374,0
478,605,0
426,1209,0
549,247,0
617,1,0
68,1511,0
501,843,0
