15,922,1
432,88,1
58,309,1
120,164,1
433,922,1
292,48,1
423,1166,1
175,407,1
588,374,1
584,108,1
101,256,1
240,108,1
694,330,1
330,322,1
401,408,1
182,460,1
125,256,1
48,561,1
537,271,1
499,241,1
85,493,1
626,466,1
128,271,1
292,940,1
190,150,1
58,223,1
310,1168,1
672,1167,1
444,194,1
340,12,1
384,78,1
569,26,1
595,720,1
694,561,1
228,12,1
153,73,1
455,374,1
120,374,1
627,922,1
423,1167,1
474,246,1
43,460,1
35,461,1
694,368,1
203,73,1
197,124,1
133,994,1
101,326,1
582,426,1
287,442,1
189,457,1
268,689,1
389,1375,1
625,39,1
537,696,1
573,317,1
564,60,1
217,570,1
58,194,1
426,142,1
329,256,1
516,150,1
123,613,1
651,124,1
678,256,1
40,327,1
135,285,1
30,58,1
97,574,1
174,407,1
123,328,1
382,311,1
575,48,1
382,183,1
595,67,1
16,430,1
532,573,1
93,288,1
565,527,1
46,1180,1
165,185,1
50,461,1
356,665,1
138,998,1
451,362,1
645,550,1
465,164,1
603,98,1
110,71,1
564,164,1
672,987,1
572,418,1
327,10,1
624,232,1
68,482,1
154,366,1
616,368,1
423,987,1
116,546,1
232,291,1
580,362,1
433,1188,1
433,311,1
196,512,1
573,742,1
597,165,1
194,394,1
441,696,1
181,430,1
135,286,1
682,73,1
668,989,1
58,12,1
524,232,1
523,988,1
321,183,1
367,475,1
210,778,1
668,1167,1
120,461,1
329,164,1
573,627,1
643,108,1
526,186,1
130,49,1
302,48,1
371,83,1
616,330,1
433,1186,1
685,98,1
12,1169,1
341,108,1
561,681,1
281,189,1
423,421,1
251,201,1
316,256,1
462,288,1
92,461,1
332,99,1
138,993,1
3,327,1
371,12,1
530,144,1
175,1174,1
347,241,1
311,591,1
71,244,1
520,26,1
613,435,1
251,814,1
19,119,1
306,988,1
252,328,1
553,242,1
271,993,1
671,26,1
93,635,1
617,423,1
175,288,1
302,12,1
396,1168,1
43,1168,1
410,183,1
322,442,1
289,288,1
35,223,1
579,636,1
587,459,1
516,10,1
183,987,1
317,326,1
48,374,1
624,328,1
145,435,1
640,315,1
694,288,1
120,288,1
251,10,1
363,67,1
251,150,1
597,164,1
599,98,1
50,330,1
455,263,1
77,99,1
60,311,1
25,1149,1
588,309,1
202,442,1
511,240,1
310,987,1
695,120,1
110,1169,1
100,442,1
593,183,1
95,459,1
626,278,1
677,165,1
317,194,1
332,175,1
588,165,1
641,98,1
449,278,1
292,993,1
213,98,1
46,1176,1
69,278,1
97,10,1
31,237,1
694,165,1
101,461,1
6,124,1
16,309,1
88,150,1
616,194,1
444,326,1
242,394,1
93,243,1
40,296,1
637,18,1
444,241,1
144,71,1
50,12,1
579,545,1
617,26,1
87,374,1
185,328,1
580,278,1
694,60,1
89,440,1
564,232,1
2,170,1
272,12,1
315,289,1
138,380,1
680,765,1
83,48,1
130,322,1
639,605,1
312,164,1
616,12,1
654,246,1
561,48,1
623,290,1
423,460,1
343,328,1
97,119,1
650,423,1
680,279,1
694,223,1
148,83,1
528,1202,1
110,1166,1
48,26,1
523,460,1
255,389,1
294,407,1
624,368,1
132,1202,1
143,994,1
365,150,1
164,185,1
184,430,1
537,34,1
389,288,1
433,1185,1
626,256,1
0,75,1
306,273,1
310,1169,1
689,276,1
42,203,1
108,278,1
398,243,1
584,48,1
60,197,1
12,460,1
128,58,1
505,108,1
120,139,1
329,223,1
251,528,1
206,330,1
325,442,1
97,814,1
523,1168,1
48,175,1
101,435,1
396,1170,1
290,423,1
396,987,1
120,221,1
553,317,1
575,328,1
433,1184,1
168,549,1
690,737,1
567,328,1
537,279,1
25,102,1
580,310,1
35,374,1
175,430,1
272,435,1
69,366,1
541,241,1
141,13,1
569,288,1
359,108,1
466,175,1
370,43,1
496,253,1
543,366,1
72,278,1
631,483,1
264,243,1
103,1011,1
483,940,1
616,49,1
225,288,1
335,322,1
458,165,1
93,256,1
97,150,1
486,317,1
261,428,1
294,394,1
14,264,1
17,98,1
499,621,1
671,232,1
292,203,1
553,402,1
188,1138,1
596,421,1
683,64,1
528,497,1
559,459,1
229,459,1
252,288,1
145,256,1
299,1506,1
43,421,1
499,1151,1
617,916,1
458,98,1
588,435,1
299,1508,1
50,164,1
111,10,1
171,435,1
631,7,1
606,98,1
135,14,1
278,459,1
90,358,1
292,248,1
291,584,1
429,335,1
225,322,1
347,361,1
271,232,1
275,1154,1
62,135,1
38,115,1
74,460,1
220,640,1
125,358,1
10,1164,1
61,48,1
477,12,1
264,358,1
597,407,1
171,288,1
550,505,1
422,459,1
250,60,1
206,12,1
225,165,1
624,309,1
176,82,1
234,852,1
291,986,1
219,108,1
25,1148,1
524,288,1
520,322,1
16,243,1
624,288,1
184,278,1
123,164,1
433,1187,1
684,786,1
677,256,1
588,326,1
626,223,1
329,379,1
15,924,1
32,288,1
630,560,1
96,358,1
432,48,1
428,461,1
454,374,1
286,279,1
394,364,1
549,366,1
138,997,1
573,290,1
347,452,1
310,71,1
539,1202,1
356,727,1
521,613,1
349,101,1
661,641,1
669,194,1
618,16,1
344,237,1
93,322,1
9,366,1
454,263,1
550,452,1
545,265,1
239,189,1
301,33,1
46,1178,1
275,589,1
579,851,1
62,696,1
393,442,1
183,989,1
31,43,1
283,136,1
96,243,1
675,89,1
624,49,1
389,621,1
268,635,1
15,278,1
316,328,1
607,988,1
546,317,1
165,186,1
393,563,1
146,49,1
580,206,1
672,1166,1
41,290,1
383,102,1
260,67,1
433,1183,1
272,241,1
19,744,1
227,124,1
101,561,1
225,278,1
581,460,1
48,83,1
407,60,1
315,183,1
704,358,1
292,997,1
58,435,1
48,435,1
694,461,1
333,89,1
588,407,1
26,48,1
477,366,1
659,16,1
548,279,1
133,993,1
93,430,1
165,360,1
469,102,1
449,366,1
123,394,1
48,326,1
523,1167,1
93,1175,1
340,221,1
194,98,1
268,258,1
637,258,1
245,164,1
437,362,1
373,49,1
201,322,1
101,139,1
473,188,1
573,460,1
522,119,1
346,368,1
593,311,1
185,435,1
148,221,1
160,309,1
614,459,1
148,223,1
413,166,1
233,10,1
634,497,1
138,994,1
656,418,1
16,358,1
662,322,1
495,119,1
330,256,1
330,430,1
126,273,1
7,459,1
125,164,1
420,289,1
23,6,1
58,326,1
100,362,1
441,279,1
291,362,1
275,448,1
289,165,1
64,108,1
457,459,1
49,223,1
311,124,1
176,43,1
340,374,1
569,49,1
255,106,1
310,1166,1
277,164,1
93,165,1
148,374,1
101,26,1
46,315,1
83,402,1
148,326,1
413,95,1
461,10,1
361,144,1
564,256,1
347,460,1
183,1170,1
623,460,1
624,330,1
115,1145,1
698,497,1
495,140,1
607,1169,1
76,358,1
110,1168,1
381,989,1
523,421,1
251,1015,1
581,985,1
226,783,1
310,989,1
180,140,1
529,45,1
431,322,1
175,1173,1
404,459,1
507,922,1
12,273,1
607,302,1
370,114,1
214,242,1
546,1381,1
367,460,1
405,10,1
368,119,1
428,442,1
189,67,1
261,150,1
371,326,1
31,114,1
87,165,1
254,276,1
697,1011,1
374,546,1
587,73,1
121,859,1
588,12,1
24,49,1
322,243,1
430,141,1
12,1167,1
293,73,1
306,460,1
356,745,1
101,309,1
550,998,1
655,922,1
680,696,1
624,194,1
140,380,1
600,426,1
64,322,1
340,328,1
123,98,1
590,460,1
151,475,1
262,400,1
120,379,1
101,12,1
188,150,1
506,26,1
160,256,1
370,82,1
283,417,1
294,98,1
564,194,1
652,707,1
459,99,1
271,248,1
546,48,1
344,10,1
344,150,1
544,366,1
228,164,1
561,588,1
183,273,1
429,34,1
206,240,1
266,717,1
607,460,1
611,424,1
597,194,1
12,71,1
546,1382,1
594,854,1
597,326,1
400,12,1
423,1170,1
564,278,1
58,164,1
302,435,1
228,49,1
78,34,1
616,407,1
243,139,1
148,461,1
14,269,1
138,1202,1
432,108,1
424,127,1
292,995,1
183,1168,1
147,119,1
255,526,1
668,1166,1
573,625,1
136,288,1
23,546,1
552,98,1
354,581,1
158,987,1
292,430,1
361,922,1
441,1150,1
306,1166,1
444,164,1
137,418,1
130,139,1
294,326,1
499,380,1
276,315,1
151,472,1
686,206,1
393,203,1
431,108,1
60,183,1
433,854,1
297,115,1
388,989,1
211,124,1
495,150,1
101,194,1
622,2,1
627,924,1
112,320,1
424,427,1
376,232,1
148,309,1
257,328,1
50,435,1
80,117,1
595,457,1
580,99,1
183,460,1
406,1148,1
122,67,1
65,108,1
72,430,1
12,1166,1
27,189,1
48,330,1
616,83,1
431,278,1
663,459,1
546,151,1
120,12,1
623,452,1
374,696,1
120,330,1
624,374,1
460,421,1
154,278,1
617,322,1
412,394,1
381,988,1
396,460,1
355,291,1
144,989,1
388,1169,1
122,73,1
624,435,1
502,33,1
436,115,1
110,989,1
101,374,1
567,430,1
458,461,1
696,243,1
46,1177,1
36,426,1
4,430,1
597,328,1
486,183,1
5,33,1
368,140,1
217,440,1
292,998,1
271,1151,1
368,1502,1
442,243,1
93,278,1
378,261,1
564,288,1
201,49,1
120,175,1
340,326,1
334,319,1
570,366,1
671,139,1
125,309,1
242,165,1
575,288,1
588,164,1
592,98,1
423,1169,1
356,1172,1
48,12,1
388,421,1
86,144,1
144,1167,1
299,916,1
68,1055,1
424,362,1
692,58,1
58,221,1
302,256,1
99,145,1
654,278,1
609,858,1
146,322,1
569,583,1
539,509,1
570,1164,1
660,246,1
560,119,1
573,238,1
597,330,1
597,288,1
271,26,1
10,423,1
134,246,1
685,394,1
588,330,1
616,164,1
497,164,1
62,102,1
75,185,1
631,523,1
691,430,1
477,83,1
110,987,1
335,423,1
480,150,1
592,394,1
586,330,1
109,407,1
141,208,1
50,309,1
175,139,1
588,461,1
396,302,1
141,359,1
329,435,1
48,461,1
601,1166,1
564,407,1
144,1168,1
523,302,1
392,49,1
143,998,1
2,324,1
299,246,1
101,328,1
388,460,1
410,311,1
46,1179,1
616,288,1
310,1170,1
17,394,1
8,121,1
245,194,1
121,312,1
161,927,1
454,461,1
299,423,1
101,288,1
405,150,1
631,250,1
503,581,1
564,328,1
677,49,1
175,322,1
141,85,1
100,243,1
22,554,1
85,475,1
2,146,1
553,418,1
693,166,1
374,670,1
329,12,1
537,663,1
145,309,1
496,642,1
43,273,1
423,1168,1
585,243,1
367,302,1
550,241,1
379,243,1
138,996,1
368,10,1
193,32,1
179,10,1
434,450,1
671,322,1
573,1161,1
621,435,1
271,49,1
486,242,1
549,278,1
396,1167,1
121,568,1
261,608,1
564,26,1
167,426,1
421,175,1
271,998,1
541,48,1
486,817,1
587,67,1
120,256,1
252,407,1
329,309,1
623,361,1
380,10,1
230,143,1
12,988,1
76,243,1
43,1169,1
49,256,1
469,696,1
148,256,1
144,1166,1
616,221,1
521,1009,1
581,273,1
31,82,1
35,165,1
376,322,1
364,10,1
581,472,1
175,232,1
661,67,1
64,1174,1
50,368,1
178,150,1
564,322,1
266,686,1
661,73,1
528,327,1
564,223,1
136,328,1
279,6,1
299,1507,1
384,74,1
616,561,1
279,546,1
420,160,1
492,417,1
356,518,1
433,852,1
233,150,1
668,1169,1
243,26,1
463,119,1
292,276,1
269,459,1
43,987,1
251,140,1
521,569,1
368,709,1
658,119,1
183,988,1
491,150,1
12,1170,1
12,987,1
496,140,1
10,1165,1
253,459,1
22,419,1
621,45,1
615,6,1
396,989,1
691,278,1
388,1170,1
669,924,1
406,1149,1
87,461,1
444,288,1
397,256,1
376,49,1
151,493,1
93,26,1
109,328,1
536,1041,1
330,49,1
543,430,1
287,358,1
329,83,1
268,113,1
340,330,1
19,134,1
287,90,1
477,78,1
569,322,1
597,256,1
58,256,1
224,67,1
12,989,1
288,346,1
16,442,1
329,326,1
469,357,1
378,149,1
564,435,1
22,260,1
93,528,1
324,407,1
93,49,1
631,484,1
68,512,1
120,368,1
521,545,1
120,26,1
668,1168,1
275,1153,1
458,394,1
20,1060,1
431,99,1
306,302,1
12,302,1
93,1174,1
41,452,1
363,570,1
424,460,1
340,435,1
126,460,1
509,400,1
43,71,1
637,496,1
569,430,1
228,288,1
667,400,1
529,256,1
31,377,1
85,302,1
133,998,1
185,12,1
694,394,1
43,302,1
46,1038,1
511,175,1
658,608,1
471,426,1
275,1155,1
175,278,1
393,241,1
566,322,1
694,98,1
523,273,1
478,916,1
423,302,1
401,1150,1
618,138,1
672,71,1
302,328,1
485,461,1
507,924,1
314,426,1
672,1168,1
236,300,1
8,984,1
151,302,1
391,459,1
588,194,1
508,617,1
190,738,1
92,223,1
242,461,1
532,390,1
397,246,1
90,442,1
193,51,1
446,1006,1
64,49,1
110,460,1
295,461,1
48,194,1
363,457,1
127,98,1
433,1034,1
280,327,1
110,273,1
268,496,1
50,223,1
120,322,1
264,442,1
16,278,1
10,493,1
483,6,1
65,440,1
540,327,1
669,430,1
400,435,1
32,328,1
569,98,1
569,256,1
50,374,1
396,988,1
661,112,1
57,98,1
144,421,1
316,278,1
423,273,1
521,394,1
110,988,1
431,366,1
286,765,1
376,26,1
48,368,1
329,165,1
616,139,1
122,320,1
381,852,1
345,108,1
505,524,1
123,407,1
346,60,1
238,1161,1
445,60,1
292,994,1
337,115,1
295,165,1
581,475,1
329,330,1
373,322,1
389,379,1
570,278,1
103,395,1
306,1167,1
289,309,1
159,435,1
58,374,1
94,857,1
669,64,1
588,221,1
43,988,1
120,326,1
375,383,1
524,241,1
49,165,1
425,243,1
388,987,1
175,256,1
2,318,1
319,380,1
333,1139,1
588,83,1
196,482,1
93,358,1
332,423,1
624,461,1
668,460,1
316,407,1
152,272,1
499,248,1
110,1170,1
299,494,1
411,10,1
330,139,1
228,435,1
310,988,1
468,656,1
102,98,1
48,322,1
281,516,1
151,460,1
120,232,1
185,256,1
101,49,1
14,990,1
222,426,1
594,108,1
340,194,1
607,1168,1
573,310,1
271,328,1
668,71,1
632,155,1
251,854,1
585,442,1
621,49,1
564,49,1
50,83,1
607,989,1
116,72,1
361,924,1
268,7,1
92,164,1
160,49,1
292,108,1
523,1166,1
262,722,1
668,302,1
610,48,1
694,309,1
396,71,1
43,1170,1
348,108,1
174,288,1
120,328,1
60,460,1
110,302,1
638,493,1
160,26,1
616,309,1
148,165,1
694,12,1
529,309,1
321,311,1
71,459,1
652,647,1
396,273,1
158,31,1
694,326,1
41,361,1
669,278,1
64,1173,1
521,98,1
691,175,1
329,221,1
68,726,1
369,33,1
596,460,1
486,311,1
637,113,1
561,394,1
172,240,1
101,368,1
286,696,1
299,1164,1
672,989,1
567,164,1
31,401,1
64,26,1
108,430,1
541,435,1
289,256,1
63,28,1
400,241,1
424,266,1
423,71,1
398,358,1
38,364,1
118,81,1
299,1504,1
271,139,1
120,49,1
300,457,1
548,357,1
588,288,1
176,401,1
511,362,1
694,221,1
83,88,1
550,994,1
534,26,1
668,273,1
425,442,1
141,21,1
624,221,1
429,1006,1
392,26,1
486,1034,1
225,256,1
22,439,1
195,435,1
672,273,1
641,394,1
678,435,1
126,302,1
409,108,1
109,288,1
365,10,1
14,991,1
191,164,1
496,94,1
338,423,1
622,459,1
50,194,1
130,26,1
295,374,1
658,39,1
289,430,1
310,273,1
554,94,1
650,26,1
132,108,1
260,320,1
339,916,1
498,322,1
163,327,1
703,288,1
136,407,1
597,374,1
707,327,1
624,326,1
341,19,1
332,362,1
535,99,1
48,139,1
255,286,1
164,189,1
183,1169,1
340,309,1
178,10,1
436,119,1
411,150,1
523,1169,1
50,256,1
573,1162,1
534,49,1
590,290,1
43,989,1
47,108,1
380,150,1
261,646,1
203,1202,1
477,221,1
693,95,1
508,39,1
463,33,1
52,108,1
491,1146,1
243,322,1
613,218,1
76,442,1
500,413,1
141,258,1
242,98,1
144,273,1
427,418,1
48,165,1
62,6,1
567,288,1
602,1299,1
101,322,1
225,430,1
626,309,1
633,459,1
667,279,1
587,196,1
24,322,1
624,165,1
243,49,1
49,368,1
595,673,1
675,722,1
616,256,1
265,394,1
35,368,1
138,995,1
309,73,1
544,430,1
381,854,1
121,860,1
28,64,1
704,442,1
228,430,1
567,278,1
624,26,1
144,1169,1
476,49,1
281,752,1
350,175,1
398,442,1
11,26,1
597,309,1
294,328,1
428,165,1
185,288,1
340,256,1
590,452,1
571,189,1
374,102,1
40,1000,1
418,124,1
504,513,1
66,448,1
484,426,1
257,288,1
16,362,1
694,194,1
668,987,1
379,358,1
590,361,1
561,288,1
174,328,1
145,12,1
330,278,1
579,646,1
19,856,1
127,394,1
120,435,1
661,320,1
499,994,1
310,460,1
140,320,1
616,326,1
225,407,1
581,302,1
557,73,1
541,330,1
494,459,1
120,165,1
243,232,1
65,99,1
488,186,1
10,1163,1
271,288,1
306,987,1
499,1152,1
58,461,1
140,195,1
419,319,1
574,362,1
317,164,1
247,150,1
607,1167,1
597,461,1
439,461,1
691,358,1
316,461,1
371,164,1
151,985,1
624,256,1
448,435,1
585,358,1
101,175,1
54,238,1
395,394,1
622,40,1
195,165,1
204,150,1
148,12,1
206,256,1
10,985,1
50,165,1
530,121,1
368,150,1
585,67,1
50,326,1
101,330,1
433,924,1
144,988,1
631,485,1
622,244,1
201,26,1
628,16,1
565,261,1
46,186,1
672,988,1
506,232,1
637,85,1
148,194,1
194,48,1
433,817,1
420,340,1
128,608,1
564,139,1
624,322,1
48,309,1
310,1167,1
93,164,1
367,985,1
90,243,1
34,430,1
569,139,1
637,208,1
179,150,1
676,319,1
579,709,1
576,426,1
170,164,1
672,1170,1
389,241,1
255,14,1
24,26,1
87,263,1
48,232,1
672,1169,1
569,394,1
677,435,1
176,377,1
654,64,1
143,993,1
461,150,1
652,592,1
523,71,1
499,993,1
245,326,1
626,430,1
327,150,1
493,292,1
433,276,1
509,661,1
78,99,1
662,49,1
392,322,1
613,362,1
669,164,1
655,138,1
538,327,1
225,49,1
427,289,1
188,1119,1
101,83,1
48,328,1
518,426,1
523,1170,1
478,246,1
349,62,1
624,175,1
654,288,1
370,377,1
616,165,1
480,10,1
561,669,1
631,258,1
11,49,1
58,330,1
388,302,1
9,64,1
489,858,1
310,302,1
202,358,1
506,49,1
371,194,1
588,328,1
377,49,1
148,435,1
337,119,1
158,427,1
686,430,1
581,493,1
524,256,1
388,1167,1
172,358,1
141,113,1
134,916,1
205,60,1
612,570,1
261,10,1
62,279,1
101,165,1
156,460,1
496,715,1
294,164,1
101,221,1
367,472,1
526,1066,1
392,232,1
691,442,1
564,165,1
567,366,1
349,422,1
441,765,1
183,1166,1
176,170,1
228,460,1
564,430,1
84,289,1
316,374,1
317,1160,1
114,317,1
462,164,1
477,330,1
479,858,1
524,435,1
153,380,1
268,674,1
46,142,1
48,164,1
335,175,1
299,1163,1
255,201,1
316,326,1
650,322,1
388,1168,1
375,280,1
280,1327,0
183,218,0
4,1485,0
666,860,0
344,1492,0
241,421,0
220,1088,0
553,60,0
8,869,0
502,476,0
397,1455,0
455,591,0
3,714,0
268,1480,0
497,428,0
685,180,0
396,1454,0
437,848,0
612,697,0
701,1479,0
308,913,0
539,1364,0
305,608,0
255,957,0
40,799,0
447,865,0
150,1441,0
413,143,0
345,1436,0
168,1248,0
93,1160,0
674,1445,0
623,518,0
408,13,0
243,308,0
102,1482,0
394,1429,0
245,989,0
160,159,0
269,1451,0
402,234,0
207,1240,0
218,460,0
266,1123,0
646,694,0
245,1444,0
192,1213,0
270,241,0
281,859,0
409,72,0
324,1000,0
98,223,0
179,688,0
588,128,0
688,311,0
124,1272,0
158,148,0
648,135,0
441,558,0
123,1136,0
629,500,0
200,689,0
561,1313,0
172,167,0
57,902,0
46,954,0
706,182,0
310,1368,0
252,601,0
30,1154,0
191,513,0
35,527,0
494,578,0
444,1278,0
194,1289,0
582,1238,0
482,588,0
135,1438,0
505,1379,0
548,970,0
567,1124,0
578,506,0
392,442,0
219,637,0
162,705,0
334,628,0
379,766,0
469,322,0
591,61,0
607,161,0
26,1070,0
329,313,0
285,1044,0
3,910,0
516,709,0
396,1110,0
48,431,0
119,588,0
313,759,0
536,1096,0
25,285,0
656,1245,0
653,823,0
491,24,0
394,1340,0
404,8,0
601,306,0
195,799,0
518,1042,0
293,1351,0
165,544,0
59,1228,0
90,870,0
453,342,0
199,953,0
562,246,0
565,225,0
653,513,0
477,626,0
684,490,0
325,953,0
658,713,0
166,761,0
301,563,0
419,496,0
461,1383,0
217,578,0
278,101,0
88,1044,0
353,1107,0
526,1089,0
449,276,0
699,1313,0
695,968,0
584,956,0
509,931,0
522,1360,0
187,1278,0
179,649,0
242,372,0
435,985,0
463,177,0
690,33,0
344,865,0
316,971,0
667,880,0
89,622,0
122,944,0
92,659,0
64,538,0
385,923,0
261,1390,0
465,1031,0
177,787,0
95,881,0
114,1335,0
289,1055,0
379,1052,0
573,1496,0
263,846,0
528,240,0
531,1335,0
96,1026,0
649,624,0
627,1332,0
539,378,0
650,1385,0
309,1140,0
672,210,0
117,1233,0
337,399,0
38,1267,0
625,1011,0
575,348,0
521,1447,0
701,1472,0
422,988,0
285,567,0
50,35,0
34,697,0
132,1070,0
193,1447,0
115,912,0
706,1463,0
202,1357,0
602,1232,0
601,442,0
417,45,0
694,315,0
137,23,0
332,474,0
231,552,0
262,630,0
543,580,0
400,114,0
693,1213,0
93,1465,0
13,1077,0
694,1133,0
362,113,0
622,571,0
327,460,0
332,741,0
82,761,0
523,858,0
634,761,0
574,1182,0
213,1387,0
196,1114,0
190,1332,0
541,989,0
317,448,0
515,113,0
541,671,0
283,423,0
401,298,0
105,1500,0
323,1483,0
185,845,0
125,935,0
406,1481,0
382,764,0
168,659,0
296,683,0
410,871,0
356,1476,0
73,28,0
432,263,0
191,914,0
493,1458,0
550,92,0
450,956,0
338,911,0
176,924,0
542,153,0
26,766,0
316,427,0
583,643,0
85,1406,0
337,1299,0
203,1224,0
628,941,0
344,622,0
128,1133,0
590,814,0
176,735,0
257,526,0
535,927,0
634,190,0
687,783,0
403,895,0
117,1281,0
29,363,0
192,667,0
520,1414,0
30,934,0
263,1193,0
291,1096,0
154,1116,0
260,23,0
67,1369,0
642,1220,0
470,1283,0
117,1107,0
436,32,0
631,206,0
474,473,0
457,1128,0
517,956,0
316,1487,0
59,196,0
430,1448,0
387,322,0
193,275,0
506,826,0
391,916,0
96,1444,0
381,1462,0
336,549,0
384,991,0
655,142,0
565,515,0
439,576,0
567,731,0
98,11,0
589,490,0
468,570,0
617,1463,0
123,1018,0
428,89,0
677,265,0
506,739,0
544,1076,0
13,423,0
689,1054,0
632,1210,0
626,999,0
406,1186,0
13,772,0
41,300,0
587,355,0
166,857,0
391,630,0
66,47,0
479,491,0
178,1156,0
570,274,0
14,694,0
418,1186,0
513,672,0
334,705,0
577,588,0
235,222,0
667,79,0
113,1136,0
272,1081,0
130,56,0
135,1140,0
27,326,0
290,1354,0
192,1005,0
335,737,0
576,1080,0
61,324,0
72,649,0
343,403,0
25,1163,0
535,1405,0
462,755,0
653,1078,0
616,612,0
499,1507,0
238,1246,0
524,516,0
79,197,0
436,495,0
517,922,0
354,357,0
433,1025,0
455,305,0
349,495,0
132,795,0
357,501,0
36,566,0
452,553,0
303,494,0
43,606,0
509,148,0
283,1068,0
432,1258,0
21,325,0
464,1385,0
649,116,0
284,859,0
39,664,0
585,342,0
304,961,0
101,721,0
445,1015,0
446,1284,0
655,1437,0
140,363,0
643,1269,0
332,580,0
554,1059,0
354,65,0
103,450,0
598,978,0
491,1097,0
181,1284,0
558,1344,0
233,293,0
594,1511,0
419,264,0
11,1303,0
83,1219,0
402,724,0
181,1311,0
323,914,0
169,893,0
308,280,0
231,1058,0
509,911,0
404,1176,0
554,191,0
308,553,0
530,852,0
15,656,0
60,1030,0
281,858,0
130,318,0
177,645,0
86,206,0
533,822,0
334,714,0
385,1135,0
504,1064,0
230,843,0
452,1403,0
215,1026,0
611,873,0
667,766,0
125,1276,0
76,351,0
696,1208,0
377,1497,0
85,1055,0
284,422,0
61,239,0
685,76,0
375,75,0
160,1226,0
107,1238,0
16,1432,0
265,591,0
682,1032,0
490,1014,0
214,991,0
601,367,0
290,160,0
99,356,0
222,686,0
81,345,0
234,582,0
344,190,0
397,10,0
245,1090,0
524,39,0
430,1055,0
67,951,0
692,1265,0
474,469,0
556,392,0
493,194,0
373,1467,0
474,556,0
670,448,0
452,1112,0
164,504,0
650,263,0
342,771,0
278,1450,0
136,1422,0
285,345,0
34,55,0
27,1470,0
239,620,0
450,1017,0
430,620,0
293,413,0
545,1192,0
521,843,0
258,557,0
472,541,0
341,1470,0
254,1182,0
618,786,0
7,1221,0
492,292,0
56,1181,0
35,181,0
580,1104,0
592,84,0
7,25,0
289,555,0
564,585,0
261,823,0
546,316,0
603,796,0
8,1488,0
573,705,0
309,916,0
277,1254,0
385,725,0
345,389,0
126,525,0
698,101,0
174,1055,0
257,1500,0
482,823,0
180,511,0
396,96,0
561,1148,0
630,1315,0
439,480,0
182,107,0
72,1102,0
542,1087,0
131,806,0
322,1496,0
163,1450,0
107,1479,0
159,33,0
220,1484,0
432,1275,0
453,1380,0
251,1264,0
135,1434,0
155,1184,0
356,159,0
0,255,0
441,234,0
208,232,0
10,1040,0
616,777,0
205,262,0
85,218,0
1,582,0
5,763,0
644,1380,0
230,322,0
493,1217,0
686,1347,0
455,893,0
416,1469,0
588,136,0
278,401,0
552,90,0
239,794,0
374,1435,0
421,384,0
577,66,0
674,679,0
229,261,0
148,57,0
479,1359,0
421,1361,0
666,718,0
294,746,0
163,78,0
70,859,0
381,1461,0
89,823,0
479,805,0
85,376,0
71,949,0
496,1293,0
370,1124,0
472,766,0
97,723,0
661,233,0
202,1405,0
180,1011,0
494,936,0
247,1212,0
610,461,0
131,651,0
30,1507,0
419,149,0
643,275,0
325,768,0
629,1173,0
31,514,0
175,1240,0
489,863,0
83,804,0
360,1343,0
437,741,0
154,7,0
485,300,0
624,1493,0
169,739,0
412,1132,0
52,746,0
177,1472,0
604,409,0
392,860,0
165,229,0
265,780,0
82,417,0
516,193,0
683,1414,0
450,952,0
27,915,0
109,1371,0
240,46,0
223,468,0
462,1058,0
460,1260,0
153,509,0
490,235,0
271,23,0
634,986,0
263,926,0
290,1353,0
391,847,0
444,355,0
336,1259,0
452,1305,0
90,1413,0
427,1434,0
394,33,0
505,721,0
154,290,0
458,839,0
421,236,0
579,783,0
512,202,0
142,479,0
402,1200,0
475,438,0
284,337,0
128,38,0
293,1194,0
354,278,0
187,1225,0
269,1172,0
418,512,0
484,988,0
705,1485,0
348,683,0
180,232,0
521,38,0
193,36,0
562,296,0
505,668,0
181,313,0
161,888,0
7,1286,0
663,944,0
665,640,0
353,5,0
274,1343,0
546,129,0
103,133,0
375,623,0
315,882,0
686,337,0
391,574,0
245,146,0
499,1063,0
531,189,0
697,844,0
51,751,0
705,231,0
138,479,0
29,507,0
68,574,0
376,406,0
561,228,0
474,382,0
639,385,0
318,1489,0
384,992,0
53,233,0
561,879,0
54,1182,0
107,298,0
325,91,0
68,1425,0
543,197,0
691,910,0
582,1511,0
211,508,0
13,452,0
156,944,0
145,1025,0
537,361,0
138,737,0
321,1455,0
611,416,0
589,69,0
17,221,0
322,87,0
289,278,0
173,1452,0
621,153,0
243,229,0
537,1383,0
105,1173,0
388,1261,0
483,911,0
479,1054,0
375,1481,0
648,838,0
460,428,0
276,208,0
145,1407,0
44,469,0
325,341,0
50,202,0
582,592,0
570,527,0
602,1172,0
539,185,0
114,463,0
677,23,0
675,1434,0
430,84,0
641,375,0
160,501,0
371,624,0
56,878,0
191,121,0
666,1392,0
444,117,0
511,71,0
237,462,0
614,947,0
104,282,0
582,960,0
518,906,0
198,620,0
162,894,0
92,248,0
243,1192,0
160,1087,0
592,846,0
186,318,0
266,1034,0
511,85,0
275,1200,0
366,777,0
673,1200,0
245,568,0
262,1326,0
452,873,0
262,1303,0
368,326,0
554,1324,0
399,1287,0
569,1032,0
341,118,0
186,1011,0
342,406,0
327,1363,0
603,920,0
95,196,0
37,1497,0
517,0,0
90,85,0
587,72,0
647,521,0
625,389,0
107,1195,0
240,923,0
349,126,0
277,1158,0
396,1179,0
607,578,0
288,748,0
527,600,0
703,449,0
89,242,0
634,517,0
288,812,0
16,801,0
457,1193,0
324,717,0
393,1059,0
94,570,0
374,245,0
359,1338,0
55,1053,0
20,1378,0
688,416,0
144,1091,0
239,954,0
585,1471,0
439,1052,0
205,543,0
77,983,0
532,79,0
671,281,0
387,2,0
450,586,0
648,1333,0
449,967,0
240,569,0
130,912,0
5,897,0
127,30,0
33,1458,0
324,90,0
64,892,0
381,1136,0
32,58,0
516,824,0
248,50,0
246,351,0
57,1303,0
446,756,0
250,533,0
259,1224,0
636,395,0
14,654,0
352,594,0
683,1092,0
550,1196,0
155,6,0
132,1341,0
467,150,0
173,1123,0
417,168,0
696,1141,0
220,1350,0
220,625,0
299,684,0
58,595,0
306,90,0
26,1005,0
342,1431,0
131,398,0
289,390,0
652,1321,0
398,259,0
211,403,0
209,386,0
262,545,0
277,1372,0
429,272,0
122,1351,0
706,1024,0
87,631,0
344,1003,0
116,1086,0
551,1220,0
161,680,0
58,495,0
455,834,0
144,141,0
88,257,0
204,1347,0
703,1132,0
283,1367,0
608,492,0
197,1048,0
651,1014,0
450,1001,0
288,842,0
93,937,0
267,978,0
599,21,0
690,1409,0
507,1086,0
648,53,0
182,1439,0
300,1471,0
132,888,0
629,1123,0
604,408,0
254,1129,0
581,467,0
372,1048,0
493,854,0
453,1236,0
381,15,0
252,299,0
433,409,0
44,1495,0
543,834,0
183,991,0
13,1015,0
607,363,0
150,1147,0
574,1323,0
388,601,0
164,904,0
138,1153,0
403,997,0
397,752,0
695,1139,0
145,782,0
636,1090,0
365,913,0
242,829,0
648,862,0
447,719,0
343,616,0
515,223,0
232,394,0
134,645,0
249,955,0
476,1380,0
38,204,0
591,117,0
457,948,0
305,684,0
375,1433,0
700,117,0
74,1188,0
104,398,0
266,391,0
32,1037,0
445,843,0
163,1222,0
238,256,0
603,1131,0
627,538,0
539,66,0
68,180,0
225,206,0
334,1002,0
126,682,0
326,1223,0
415,1033,0
328,622,0
398,103,0
277,1501,0
330,315,0
414,1123,0
572,1172,0
581,719,0
591,770,0
317,380,0
604,479,0
336,426,0
601,46,0
167,446,0
470,277,0
570,660,0
93,134,0
289,346,0
541,281,0
348,286,0
561,1475,0
371,858,0
699,263,0
645,579,0
135,535,0
592,648,0
38,1022,0
223,239,0
676,949,0
317,1074,0
15,1468,0
225,102,0
368,1412,0
232,1456,0
493,701,0
459,329,0
458,1024,0
663,690,0
454,1056,0
381,812,0
654,1429,0
493,838,0
243,1281,0
424,46,0
476,11,0
80,1119,0
627,1450,0
273,401,0
5,428,0
419,1164,0
638,847,0
300,626,0
547,1230,0
263,1342,0
340,835,0
426,1042,0
344,1310,0
559,251,0
526,1059,0
306,618,0
443,701,0
397,1133,0
456,1071,0
563,553,0
46,721,0
314,396,0
60,829,0
621,920,0
514,395,0
660,1053,0
704,9,0
463,391,0
521,1101,0
450,45,0
699,1465,0
493,425,0
287,198,0
496,424,0
171,39,0
477,1282,0
158,1101,0
599,51,0
182,1281,0
88,273,0
223,570,0
523,710,0
425,113,0
404,1175,0
462,715,0
304,871,0
172,417,0
366,567,0
270,490,0
503,731,0
601,435,0
118,576,0
605,54,0
94,51,0
322,1474,0
212,1491,0
529,1292,0
343,715,0
107,803,0
223,462,0
546,719,0
100,60,0
151,1204,0
108,973,0
21,1504,0
397,1247,0
42,73,0
173,1473,0
128,1267,0
599,1030,0
524,307,0
253,1281,0
313,1183,0
653,1040,0
21,180,0
166,771,0
591,766,0
487,736,0
140,810,0
138,1263,0
119,876,0
650,330,0
578,1387,0
472,41,0
347,758,0
638,1222,0
464,621,0
357,1387,0
505,7,0
368,887,0
478,1184,0
114,231,0
39,683,0
291,1080,0
133,1369,0
589,197,0
115,643,0
438,1295,0
438,1455,0
294,1261,0
15,142,0
551,349,0
121,460,0
141,1380,0
296,190,0
448,1078,0
232,960,0
482,490,0
112,288,0
410,176,0
298,563,0
130,292,0
90,252,0
238,39,0
346,792,0
587,804,0
607,214,0
8,813,0
221,1411,0
427,952,0
541,951,0
19,1411,0
485,45,0
301,1447,0
134,608,0
157,192,0
42,79,0
61,594,0
289,1214,0
376,253,0
248,878,0
179,1295,0
428,335,0
156,1302,0
452,1249,0
201,1097,0
524,61,0
37,663,0
574,1402,0
222,859,0
461,920,0
277,205,0
281,745,0
231,1294,0
312,1002,0
589,1493,0
636,508,0
34,277,0
41,1363,0
109,0,0
247,369,0
548,1022,0
367,978,0
563,586,0
558,1353,0
524,1233,0
598,1134,0
173,881,0
457,799,0
330,342,0
580,172,0
306,591,0
624,999,0
255,76,0
650,876,0
315,708,0
460,799,0
628,1376,0
698,555,0
318,947,0
9,981,0
385,208,0
439,627,0
509,1089,0
244,1098,0
703,893,0
349,866,0
57,569,0
69,443,0
623,1157,0
231,972,0
433,1441,0
478,1126,0
367,17,0
363,694,0
503,432,0
122,577,0
164,771,0
463,1018,0
628,1042,0
1,1508,0
369,784,0
147,1452,0
311,935,0
610,632,0
449,25,0
108,914,0
702,273,0
434,336,0
580,757,0
485,703,0
484,745,0
671,821,0
396,312,0
320,226,0
312,1194,0
388,157,0
187,127,0
135,1189,0
324,1015,0
394,638,0
511,714,0
42,1102,0
669,631,0
599,729,0
282,996,0
118,1227,0
0,811,0
579,548,0
458,491,0
544,1312,0
238,651,0
38,179,0
597,758,0
566,1402,0
124,523,0
604,1029,0
584,70,0
633,1124,0
28,406,0
533,1308,0
509,105,0
687,166,0
636,1063,0
441,818,0
374,663,0
477,147,0
218,699,0
488,115,0
118,1199,0
473,1318,0
655,1046,0
238,439,0
258,991,0
373,1056,0
636,1492,0
675,348,0
164,783,0
404,837,0
168,506,0
494,27,0
436,810,0
49,12,0
187,813,0
601,1200,0
466,1220,0
19,509,0
600,630,0
323,717,0
693,124,0
704,1369,0
663,124,0
316,604,0
489,345,0
46,1447,0
368,835,0
0,1064,0
478,876,0
67,1507,0
169,1187,0
40,901,0
331,696,0
233,232,0
560,423,0
419,1223,0
378,1202,0
621,1478,0
530,414,0
41,119,0
608,296,0
70,536,0
478,1316,0
511,689,0
103,409,0
178,750,0
39,1127,0
612,46,0
119,729,0
223,814,0
242,1419,0
291,291,0
288,617,0
292,381,0
372,805,0
301,193,0
213,892,0
478,99,0
262,951,0
435,1478,0
232,1023,0
59,1225,0
247,680,0
381,85,0
121,1113,0
344,900,0
164,911,0
305,1480,0
574,1316,0
154,895,0
272,546,0
508,18,0
217,1396,0
244,465,0
439,1467,0
207,1222,0
227,497,0
555,96,0
117,853,0
653,1117,0
521,1007,0
543,1278,0
137,1483,0
702,35,0
445,1126,0
540,264,0
636,318,0
618,553,0
524,31,0
619,1298,0
667,946,0
216,470,0
1,1288,0
556,1470,0
70,1028,0
660,1492,0
313,1269,0
146,490,0
499,1337,0
506,718,0
435,780,0
168,591,0
608,1148,0
281,955,0
198,1168,0
651,1405,0
275,302,0
654,372,0
665,913,0
478,196,0
570,260,0
476,785,0
393,810,0
687,566,0
95,1138,0
20,634,0
122,1200,0
148,674,0
647,420,0
424,541,0
154,1079,0
707,369,0
215,523,0
644,1475,0
239,1226,0
183,211,0
200,473,0
602,1059,0
73,152,0
545,1406,0
529,966,0
206,724,0
99,851,0
628,77,0
284,710,0
159,989,0
86,1291,0
683,1030,0
377,739,0
349,155,0
611,1395,0
511,958,0
236,1258,0
67,905,0
231,270,0
36,861,0
706,1284,0
189,885,0
412,1102,0
397,72,0
289,600,0
21,795,0
181,1206,0
212,140,0
698,1337,0
70,579,0
616,198,0
590,564,0
411,548,0
436,749,0
249,1266,0
259,2,0
6,1289,0
687,1046,0
590,1483,0
212,569,0
62,454,0
239,887,0
430,993,0
216,1505,0
61,433,0
164,1341,0
312,221,0
645,561,0
365,981,0
404,53,0
629,1047,0
530,557,0
6,474,0
349,1387,0
490,486,0
457,1177,0
399,540,0
299,1182,0
541,1221,0
598,23,0
136,700,0
514,1228,0
493,124,0
360,13,0
239,990,0
158,400,0
501,91,0
311,1178,0
429,1248,0
365,85,0
574,430,0
535,605,0
431,1260,0
519,948,0
84,828,0
71,2,0
698,376,0
221,1413,0
274,42,0
116,486,0
142,93,0
300,466,0
334,56,0
565,1392,0
699,1406,0
17,232,0
544,340,0
509,65,0
387,1324,0
696,1403,0
298,8,0
577,875,0
216,35,0
203,1037,0
472,190,0
482,403,0
166,1365,0
417,1393,0
211,770,0
170,155,0
499,123,0
405,1060,0
172,185,0
194,1348,0
342,1414,0
74,485,0
704,367,0
581,921,0
459,1170,0
554,1196,0
530,418,0
559,14,0
187,143,0
589,1435,0
383,1295,0
53,321,0
443,84,0
137,186,0
628,223,0
489,53,0
218,788,0
84,364,0
335,741,0
361,511,0
596,215,0
511,239,0
557,163,0
334,397,0
191,324,0
343,1399,0
100,839,0
577,313,0
469,845,0
555,1238,0
600,1458,0
574,296,0
341,1018,0
299,1172,0
555,210,0
83,155,0
698,916,0
549,893,0
63,572,0
22,492,0
652,1471,0
166,653,0
24,31,0
255,178,0
146,1071,0
508,488,0
465,917,0
521,784,0
238,812,0
539,142,0
271,614,0
101,1423,0
368,70,0
473,171,0
201,519,0
595,762,0
263,586,0
341,1023,0
116,214,0
161,1233,0
619,756,0
61,36,0
235,1017,0
700,308,0
575,1019,0
472,1324,0
319,1083,0
383,1235,0
638,1403,0
159,1154,0
343,1351,0
11,955,0
643,1266,0
656,874,0
44,723,0
181,557,0
391,193,0
385,291,0
411,1211,0
323,1341,0
637,274,0
429,352,0
316,654,0
184,987,0
520,1346,0
247,761,0
347,990,0
674,62,0
270,1384,0
166,1453,0
202,38,0
194,880,0
641,458,0
108,1314,0
162,1387,0
349,846,0
48,465,0
609,596,0
544,88,0
8,626,0
437,419,0
95,440,0
356,3,0
224,698,0
625,77,0
545,1169,0
564,914,0
397,155,0
381,1001,0
424,1199,0
269,251,0
202,260,0
224,1144,0
704,1292,0
612,1234,0
73,226,0
120,769,0
435,413,0
518,61,0
180,1147,0
428,839,0
468,331,0
81,877,0
147,433,0
540,844,0
234,555,0
246,843,0
683,712,0
574,154,0
419,415,0
561,1453,0
690,1416,0
657,603,0
495,980,0
456,575,0
278,566,0
490,263,0
363,211,0
138,1390,0
538,671,0
260,1076,0
242,124,0
452,1022,0
372,65,0
42,1432,0
207,1496,0
594,299,0
584,532,0
22,1217,0
681,384,0
110,584,0
697,1465,0
646,698,0
597,617,0
601,954,0
84,562,0
152,901,0
173,380,0
219,700,0
112,805,0
507,920,0
137,1110,0
364,607,0
565,1195,0
653,986,0
425,733,0
382,797,0
445,724,0
492,1116,0
592,1152,0
381,750,0
487,613,0
474,558,0
249,430,0
423,832,0
279,1011,0
227,1131,0
205,192,0
193,1259,0
142,1283,0
429,1125,0
400,913,0
654,1111,0
341,258,0
640,476,0
17,1171,0
296,1186,0
182,498,0
259,659,0
504,1447,0
230,493,0
103,1431,0
231,743,0
299,17,0
137,1486,0
14,756,0
134,1248,0
646,79,0
394,907,0
522,552,0
465,178,0
145,463,0
65,1052,0
4,466,0
177,827,0
662,1243,0
234,794,0
168,1368,0
267,498,0
522,1449,0
94,660,0
211,822,0
532,604,0
218,1166,0
126,142,0
223,1221,0
400,11,0
250,1355,0
90,1306,0
198,953,0
191,1070,0
163,494,0
50,425,0
401,270,0
38,1101,0
557,1261,0
119,537,0
96,720,0
533,399,0
261,1419,0
46,1451,0
1,381,0
206,1216,0
433,1,0
468,702,0
697,1402,0
132,294,0
419,927,0
692,1146,0
442,635,0
527,323,0
585,229,0
369,324,0
34,180,0
166,369,0
29,578,0
181,582,0
154,1038,0
256,1395,0
628,444,0
44,779,0
148,228,0
574,1197,0
158,740,0
545,835,0
707,614,0
259,1477,0
447,762,0
195,899,0
615,1123,0
577,1255,0
12,199,0
623,988,0
192,131,0
32,70,0
296,497,0
122,841,0
366,1126,0
546,1334,0
232,589,0
576,13,0
296,422,0
500,612,0
591,70,0
530,1377,0
499,874,0
120,835,0
607,1398,0
621,1165,0
30,1276,0
412,47,0
473,63,0
270,1358,0
117,297,0
615,421,0
647,55,0
549,909,0
168,63,0
43,126,0
279,512,0
38,736,0
421,302,0
25,873,0
433,1315,0
318,1091,0
563,794,0
331,914,0
500,941,0
694,908,0
526,712,0
248,1477,0
531,296,0
299,300,0
288,391,0
359,435,0
53,12,0
65,868,0
703,1149,0
85,901,0
595,1148,0
702,52,0
283,1361,0
695,1406,0
659,331,0
551,206,0
378,765,0
256,911,0
654,401,0
513,1441,0
90,1304,0
573,747,0
45,1187,0
387,1328,0
538,1166,0
170,1123,0
680,740,0
435,759,0
485,614,0
384,1392,0
161,911,0
487,1370,0
554,1385,0
379,1373,0
165,1470,0
10,593,0
530,1020,0
194,1382,0
595,395,0
453,558,0
380,717,0
543,60,0
563,132,0
487,1052,0
161,1318,0
698,1409,0
536,973,0
588,297,0
96,823,0
569,475,0
91,193,0
4,1016,0
139,269,0
375,1469,0
525,75,0
5,1002,0
666,711,0
464,1085,0
241,243,0
568,500,0
679,1240,0
350,151,0
212,1177,0
128,520,0
663,365,0
190,837,0
589,9,0
545,593,0
438,292,0
351,1198,0
452,990,0
389,211,0
455,516,0
361,212,0
58,588,0
371,1474,0
325,1411,0
46,815,0
401,1069,0
219,795,0
221,1142,0
182,481,0
146,577,0
112,1376,0
617,1317,0
420,136,0
334,215,0
398,1086,0
361,1047,0
377,538,0
452,1387,0
215,1450,0
392,1114,0
671,1163,0
196,996,0
689,1079,0
568,1259,0
272,512,0
610,1425,0
477,1370,0
168,1367,0
127,1061,0
319,475,0
677,880,0
321,1270,0
198,297,0
334,1203,0
193,1413,0
280,916,0
144,266,0
302,667,0
400,1040,0
596,89,0
505,1429,0
624,1505,0
59,1226,0
654,1047,0
656,172,0
563,1080,0
51,590,0
69,0,0
127,447,0
640,1176,0
128,1165,0
154,168,0
121,1434,0
62,769,0
115,323,0
304,1409,0
589,561,0
196,564,0
263,371,0
506,839,0
496,654,0
65,570,0
411,949,0
335,279,0
327,797,0
506,861,0
157,595,0
401,185,0
181,329,0
139,59,0
651,1062,0
688,1223,0
625,472,0
297,1073,0
382,890,0
510,231,0
67,718,0
398,133,0
471,557,0
437,1366,0
64,1253,0
25,1293,0
629,1209,0
329,438,0
423,113,0
608,195,0
62,1507,0
14,730,0
576,172,0
555,262,0
678,1295,0
278,633,0
162,834,0
349,980,0
344,1405,0
280,86,0
501,885,0
493,555,0
473,1201,0
645,0,0
22,873,0
181,90,0
536,1307,0
443,1468,0
465,613,0
701,989,0
430,210,0
55,1212,0
530,182,0
135,563,0
44,1194,0
418,701,0
557,617,0
519,1166,0
506,1382,0
145,1113,0
604,1284,0
152,1025,0
565,238,0
231,1037,0
490,306,0
625,1202,0
570,1293,0
215,394,0
636,1112,0
667,917,0
457,656,0
579,424,0
95,331,0
489,480,0
289,923,0
180,513,0
483,183,0
376,871,0
386,185,0
393,779,0
395,903,0
665,494,0
331,1232,0
442,650,0
178,1385,0
699,122,0
209,1188,0
11,765,0
636,516,0
238,412,0
283,1341,0
290,666,0
13,1298,0
104,324,0
100,411,0
591,409,0
356,858,0
455,385,0
568,990,0
359,510,0
493,214,0
453,688,0
45,26,0
399,728,0
697,629,0
162,1066,0
225,321,0
39,1405,0
634,653,0
624,370,0
120,688,0
238,1345,0
527,569,0
440,931,0
8,1033,0
61,1156,0
546,1459,0
220,305,0
504,573,0
228,314,0
240,127,0
91,297,0
540,816,0
560,549,0
352,1202,0
408,443,0
276,1466,0
32,390,0
405,62,0
67,1322,0
192,808,0
361,827,0
138,649,0
470,292,0
341,400,0
140,172,0
55,941,0
342,559,0
657,388,0
476,1368,0
555,363,0
108,315,0
586,1061,0
335,302,0
620,1349,0
492,1263,0
388,1084,0
630,858,0
557,1173,0
246,939,0
670,949,0
470,273,0
545,685,0
163,722,0
636,369,0
114,962,0
608,388,0
405,344,0
310,807,0
3,75,0
344,759,0
682,1209,0
154,186,0
524,43,0
29,253,0
532,725,0
579,1160,0
115,1270,0
271,1262,0
279,1438,0
81,676,0
110,1161,0
45,586,0
414,1187,0
6,1240,0
494,71,0
533,178,0
135,197,0
216,924,0
532,693,0
466,680,0
234,1338,0
35,506,0
113,1074,0
40,1059,0
635,1224,0
478,873,0
371,1184,0
390,1068,0
612,1498,0
141,1338,0
188,308,0
324,1056,0
477,1120,0
568,250,0
417,1304,0
641,993,0
58,1397,0
257,1200,0
502,553,0
600,149,0
532,827,0
174,289,0
666,1421,0
431,883,0
21,1192,0
239,195,0
10,384,0
374,1312,0
356,767,0
352,1192,0
379,674,0
706,625,0
461,443,0
26,33,0
594,774,0
106,1134,0
32,1500,0
56,145,0
578,609,0
444,1209,0
170,605,0
607,1417,0
416,70,0
256,118,0
197,33,0
682,460,0
695,943,0
579,813,0
172,1018,0
115,1102,0
462,564,0
590,907,0
143,473,0
30,14,0
521,252,0
85,1172,0
172,1445,0
319,711,0
523,520,0
707,992,0
429,1334,0
177,867,0
22,635,0
604,1022,0
424,615,0
206,143,0
216,317,0
242,1066,0
395,508,0
693,343,0
412,699,0
222,759,0
502,899,0
93,94,0
223,1372,0
609,1499,0
339,1312,0
28,66,0
274,389,0
20,1209,0
618,90,0
125,946,0
210,154,0
181,19,0
487,316,0
205,1222,0
477,85,0
183,1033,0
636,944,0
617,1477,0
100,870,0
1,14,0
503,27,0
413,543,0
133,332,0
40,612,0
513,1166,0
460,305,0
358,717,0
372,677,0
463,21,0
255,52,0
390,342,0
479,973,0
214,138,0
199,1466,0
698,886,0
436,1040,0
124,1483,0
21,1411,0
321,45,0
231,189,0
121,994,0
230,291,0
73,976,0
593,1378,0
24,104,0
528,165,0
647,128,0
415,261,0
302,632,0
647,938,0
278,1136,0
390,1160,0
115,1327,0
361,271,0
565,859,0
171,1377,0
226,470,0
383,363,0
572,988,0
439,342,0
28,872,0
546,1260,0
415,984,0
3,811,0
174,223,0
542,818,0
305,759,0
616,1215,0
173,961,0
229,472,0
230,1187,0
45,304,0
118,764,0
383,429,0
188,687,0
251,235,0
456,1402,0
61,370,0
100,662,0
364,1164,0
232,1326,0
93,1467,0
671,262,0
673,1442,0
10,564,0
658,1338,0
596,1275,0
148,417,0
60,247,0
251,1269,0
533,29,0
488,424,0
478,1487,0
520,945,0
123,1158,0
543,888,0
181,544,0
646,987,0
126,1247,0
257,1396,0
371,105,0
541,1222,0
104,448,0
259,77,0
370,31,0
176,154,0
152,1260,0
351,666,0
472,1359,0
136,896,0
357,1467,0
532,430,0
154,597,0
244,1312,0
361,380,0
529,741,0
194,1404,0
268,40,0
702,1419,0
403,434,0
288,380,0
575,928,0
32,332,0
107,767,0
198,754,0
536,1359,0
27,1440,0
98,1048,0
223,1489,0
15,1246,0
179,1248,0
579,888,0
60,128,0
218,1038,0
197,858,0
92,862,0
578,1339,0
157,991,0
660,1215,0
387,566,0
46,594,0
329,832,0
630,978,0
582,148,0
481,177,0
191,938,0
694,1196,0
99,1255,0
141,1463,0
206,621,0
554,1191,0
134,514,0
34,963,0
660,775,0
102,106,0
340,984,0
137,232,0
543,65,0
326,1376,0
36,615,0
475,722,0
611,204,0
432,1103,0
151,1017,0
20,1101,0
337,844,0
515,434,0
91,269,0
396,629,0
557,548,0
448,1239,0
256,241,0
601,257,0
549,1090,0
567,507,0
123,32,0
333,1184,0
419,201,0
270,1073,0
213,455,0
701,876,0
519,333,0
200,1232,0
108,1061,0
618,1472,0
483,405,0
287,1408,0
1,27,0
340,1213,0
404,886,0
103,42,0
6,408,0
580,461,0
110,646,0
515,592,0
235,299,0
594,343,0
662,210,0
81,545,0
499,723,0
14,488,0
506,359,0
91,365,0
54,1215,0
448,823,0
79,1065,0
703,292,0
568,99,0
277,292,0
677,901,0
350,248,0
1,831,0
318,105,0
144,1158,0
55,510,0
631,1202,0
423,82,0
409,820,0
239,1205,0
521,991,0
366,428,0
284,1505,0
704,532,0
624,1211,0
353,811,0
683,424,0
513,238,0
458,376,0
142,803,0
162,628,0
280,750,0
337,1276,0
357,1398,0
311,771,0
120,1381,0
120,423,0
194,356,0
562,598,0
439,247,0
468,171,0
648,599,0
471,485,0
658,866,0
444,1395,0
53,1131,0
439,1285,0
538,1453,0
563,1225,0
5,574,0
239,580,0
174,1313,0
219,1467,0
164,258,0
683,107,0
137,473,0
266,326,0
564,378,0
201,892,0
126,360,0
696,1500,0
628,1326,0
285,1261,0
383,843,0
105,966,0
120,25,0
593,921,0
545,578,0
393,1032,0
567,907,0
118,118,0
202,506,0
182,967,0
204,411,0
56,1308,0
98,1088,0
26,1293,0
211,1004,0
547,1166,0
482,473,0
605,362,0
148,191,0
192,724,0
436,1174,0
174,1343,0
1,1009,0
411,774,0
638,850,0
400,1004,0
109,1131,0
233,521,0
361,153,0
194,201,0
373,405,0
520,551,0
485,794,0
1,143,0
210,348,0
675,1006,0
658,533,0
511,94,0
421,1359,0
254,41,0
374,516,0
34,191,0
613,963,0
597,544,0
469,328,0
582,1152,0
538,611,0
587,547,0
131,1101,0
486,727,0
631,730,0
6,646,0
275,1314,0
21,141,0
123,939,0
147,770,0
347,1217,0
472,940,0
624,18,0
251,752,0
577,535,0
11,1332,0
611,1088,0
327,296,0
338,713,0
329,1116,0
291,333,0
622,514,0
354,174,0
514,833,0
37,98,0
278,336,0
564,934,0
224,860,0
180,318,0
525,116,0
205,24,0
532,103,0
618,468,0
647,1163,0
63,628,0
433,1148,0
37,732,0
570,714,0
96,715,0
531,1168,0
676,198,0
31,755,0
402,24,0
116,1157,0
160,348,0
624,51,0
78,350,0
392,1136,0
128,128,0
667,1261,0
298,32,0
229,1138,0
116,329,0
251,453,0
257,1345,0
565,272,0
505,851,0
695,462,0
56,560,0
249,351,0
220,555,0
641,1180,0
182,1416,0
428,1239,0
196,899,0
310,1434,0
198,155,0
643,298,0
540,1226,0
10,1059,0
566,895,0
569,1114,0
500,828,0
419,1365,0
127,1156,0
509,283,0
296,1022,0
461,717,0
95,847,0
16,179,0
562,935,0
323,1048,0
515,1153,0
631,389,0
55,485,0
337,1210,0
274,130,0
537,676,0
639,496,0
459,177,0
6,891,0
513,557,0
68,32,0
181,510,0
679,1378,0
115,691,0
178,420,0
90,793,0
288,566,0
294,1042,0
391,653,0
528,1015,0
155,1354,0
348,332,0
332,142,0
291,181,0
695,791,0
346,1165,0
406,1118,0
35,763,0
319,221,0
433,956,0
382,1478,0
291,316,0
201,5,0
216,1154,0
453,864,0
456,846,0
475,149,0
75,949,0
145,293,0
111,283,0
37,582,0
354,797,0
381,608,0
449,1077,0
261,13,0
463,843,0
443,663,0
578,621,0
477,748,0
431,142,0
587,636,0
301,943,0
86,82,0
525,965,0
361,771,0
668,1455,0
578,353,0
490,405,0
647,517,0
593,1270,0
550,1404,0
530,1476,0
71,61,0
431,654,0
170,668,0
212,548,0
701,1300,0
38,527,0
139,663,0
618,552,0
173,1384,0
220,326,0
122,1495,0
199,805,0
368,910,0
243,982,0
298,532,0
433,1097,0
370,772,0
351,1430,0
393,1019,0
394,1170,0
640,431,0
198,842,0
309,337,0
266,117,0
257,831,0
583,1231,0
75,1219,0
683,1172,0
54,1244,0
341,1390,0
439,778,0
59,1183,0
509,28,0
697,632,0
387,1254,0
381,181,0
610,200,0
281,618,0
54,268,0
240,1255,0
201,393,0
562,345,0
371,926,0
266,474,0
570,1152,0
105,1445,0
238,940,0
367,1302,0
590,1213,0
18,844,0
490,1510,0
180,1391,0
462,221,0
690,861,0
462,599,0
51,1001,0
544,205,0
398,258,0
242,840,0
44,609,0
79,1272,0
273,269,0
625,703,0
462,1260,0
71,1368,0
422,198,0
288,248,0
40,1456,0
6,286,0
44,1283,0
438,1511,0
489,1439,0
622,1199,0
345,455,0
302,149,0
697,198,0
279,1084,0
340,147,0
570,1452,0
197,840,0
0,1287,0
299,60,0
253,901,0
193,1213,0
584,783,0
73,298,0
213,256,0
284,473,0
300,532,0
303,721,0
163,10,0
488,40,0
505,771,0
95,184,0
700,523,0
311,359,0
566,485,0
313,1044,0
232,1302,0
639,32,0
479,909,0
235,656,0
392,376,0
425,860,0
379,1440,0
649,561,0
139,1255,0
658,1275,0
7,1053,0
542,603,0
365,1178,0
553,569,0
555,1231,0
75,680,0
698,261,0
283,1107,0
158,256,0
656,899,0
611,2,0
427,1424,0
520,1020,0
341,934,0
398,46,0
465,729,0
648,1361,0
134,322,0
193,507,0
406,1498,0
659,1478,0
501,756,0
385,319,0
307,979,0
243,1182,0
232,837,0
55,623,0
304,1505,0
584,1029,0
602,357,0
430,456,0
500,110,0
109,389,0
402,320,0
219,1147,0
192,847,0
309,648,0
130,1050,0
603,6,0
550,1309,0
65,1048,0
644,339,0
376,962,0
340,1406,0
496,12,0
244,1379,0
31,1504,0
307,1418,0
241,1249,0
60,686,0
340,834,0
118,344,0
134,1185,0
381,833,0
37,646,0
498,295,0
32,775,0
350,719,0
345,810,0
666,1454,0
362,1184,0
141,636,0
650,73,0
531,674,0
350,242,0
502,1159,0
145,397,0
527,1481,0
629,1190,0
38,677,0
427,1310,0
146,1225,0
687,160,0
452,1021,0
28,1255,0
410,1023,0
416,1291,0
427,874,0
115,1183,0
366,354,0
169,1025,0
373,609,0
573,210,0
124,39,0
205,673,0
446,710,0
415,248,0
88,1172,0
306,927,0
632,901,0
387,50,0
620,139,0
338,1180,0
501,1221,0
14,1010,0
144,1396,0
101,637,0
349,4,0
280,174,0
207,1126,0
576,235,0
599,1095,0
267,791,0
269,1191,0
357,1403,0
626,484,0
382,22,0
211,1359,0
43,19,0
573,1452,0
491,1403,0
481,758,0
385,218,0
670,818,0
663,467,0
417,543,0
567,550,0
320,139,0
513,765,0
201,779,0
372,433,0
224,1404,0
440,1151,0
608,211,0
328,993,0
4,1319,0
168,935,0
144,1106,0
518,1440,0
198,1077,0
583,609,0
209,442,0
460,191,0
580,416,0
646,238,0
598,471,0
615,1204,0
4,1398,0
493,436,0
654,730,0
144,1101,0
509,605,0
427,1468,0
628,748,0
544,1225,0
582,582,0
13,1229,0
619,174,0
148,502,0
589,291,0
13,581,0
321,1272,0
452,476,0
40,905,0
67,868,0
624,1439,0
702,1015,0
652,1073,0
76,691,0
326,1398,0
586,872,0
565,664,0
178,382,0
9,541,0
578,556,0
220,275,0
107,577,0
597,563,0
614,641,0
55,841,0
300,724,0
247,210,0
697,12,0
75,900,0
28,15,0
526,114,0
358,534,0
603,185,0
698,639,0
534,1063,0
14,1422,0
296,1496,0
567,470,0
249,705,0
36,1289,0
479,78,0
25,961,0
33,751,0
151,138,0
304,827,0
459,986,0
418,280,0
181,335,0
489,214,0
558,1351,0
106,369,0
661,459,0
399,837,0
640,1121,0
633,1132,0
54,496,0
600,1322,0
545,550,0
425,1065,0
543,958,0
260,747,0
459,1373,0
568,1367,0
697,600,0
541,90,0
510,150,0
464,855,0
298,1261,0
162,260,0
690,1475,0
637,568,0
465,919,0
537,33,0
498,28,0
196,130,0
198,1484,0
313,822,0
318,97,0
9,708,0
365,388,0
17,1148,0
601,979,0
698,411,0
364,1275,0
295,1303,0
156,1063,0
419,526,0
15,1306,0
177,1413,0
304,854,0
574,184,0
498,318,0
64,411,0
404,865,0
175,378,0
362,1000,0
495,329,0
230,1451,0
626,796,0
357,1337,0
233,1035,0
506,1204,0
110,688,0
597,666,0
539,99,0
179,382,0
295,1136,0
300,971,0
493,575,0
586,847,0
24,318,0
391,470,0
475,1496,0
202,430,0
67,835,0
217,1370,0
658,789,0
456,136,0
459,1084,0
619,177,0
694,251,0
117,110,0
428,382,0
311,1225,0
314,1317,0
182,151,0
642,1110,0
38,96,0
74,556,0
423,93,0
390,1204,0
73,1258,0
624,737,0
197,833,0
332,223,0
70,753,0
704,247,0
657,1159,0
453,308,0
343,1406,0
405,501,0
673,589,0
590,1346,0
119,132,0
193,1199,0
356,958,0
560,1101,0
252,419,0
321,892,0
459,196,0
597,348,0
98,940,0
405,25,0
356,259,0
606,1419,0
165,802,0
608,141,0
400,46,0
601,879,0
364,503,0
17,370,0
289,182,0
673,803,0
110,1275,0
174,968,0
409,440,0
594,255,0
429,1109,0
168,51,0
545,440,0
49,783,0
335,209,0
655,1,0
321,128,0
372,184,0
530,13,0
158,434,0
97,1382,0
527,1087,0
280,1480,0
251,1306,0
329,624,0
516,312,0
119,997,0
547,1159,0
164,940,0
537,706,0
268,835,0
475,185,0
10,319,0
609,702,0
295,1015,0
85,801,0
440,908,0
304,774,0
540,765,0
657,76,0
220,775,0
519,719,0
387,528,0
131,1144,0
131,721,0
635,68,0
242,706,0
178,1073,0
300,1317,0
245,1430,0
432,750,0
84,178,0
440,948,0
559,1383,0
0,999,0
493,1150,0
228,1438,0
369,440,0
125,37,0
252,813,0
235,307,0
56,57,0
525,1140,0
159,684,0
557,1066,0
264,475,0
645,1336,0
266,911,0
656,252,0
219,233,0
453,584,0
302,459,0
591,120,0
171,3,0
334,656,0
203,1160,0
672,14,0
583,14,0
424,506,0
192,770,0
483,186,0
354,1221,0
216,55,0
625,5,0
307,1500,0
384,1341,0
144,1451,0
629,533,0
590,617,0
152,1245,0
538,44,0
677,702,0
644,498,0
274,1173,0
518,1255,0
366,159,0
230,635,0
149,1261,0
12,528,0
238,1309,0
232,691,0
574,1246,0
218,774,0
300,307,0
373,1160,0
40,282,0
300,49,0
667,410,0
671,931,0
237,469,0
312,46,0
513,488,0
2,554,0
673,996,0
705,499,0
623,494,0
627,119,0
163,836,0
488,164,0
682,896,0
505,1187,0
58,1304,0
453,364,0
82,704,0
572,568,0
62,1103,0
81,1087,0
242,563,0
325,15,0
308,265,0
577,540,0
253,714,0
302,1483,0
644,1291,0
632,332,0
24,551,0
105,1332,0
5,330,0
578,421,0
653,1034,0
451,257,0
396,1376,0
279,1061,0
189,1222,0
109,482,0
427,102,0
662,1368,0
418,624,0
400,425,0
172,407,0
99,1423,0
625,501,0
436,109,0
693,867,0
569,1482,0
144,942,0
367,191,0
297,458,0
478,977,0
503,894,0
291,194,0
585,1383,0
216,1442,0
46,323,0
672,1092,0
220,954,0
10,1171,0
322,811,0
302,588,0
75,802,0
609,463,0
703,761,0
424,714,0
380,969,0
114,1394,0
339,227,0
286,960,0
0,531,0
553,1121,0
463,1198,0
407,638,0
507,1373,0
497,706,0
622,622,0
586,785,0
319,128,0
205,1502,0
367,184,0
486,227,0
419,1316,0
667,419,0
280,1355,0
545,526,0
701,1445,0
94,1319,0
480,296,0
436,402,0
58,556,0
550,703,0
398,361,0
363,76,0
279,208,0
534,28,0
625,22,0
317,463,0
446,1353,0
493,286,0
700,1302,0
517,647,0
290,1421,0
477,1285,0
308,745,0
542,160,0
151,504,0
214,905,0
182,1441,0
334,477,0
328,301,0
483,114,0
461,749,0
9,29,0
390,332,0
612,589,0
273,1010,0
591,1063,0
69,1326,0
158,311,0
427,682,0
300,633,0
127,720,0
25,756,0
516,249,0
593,684,0
74,1067,0
315,472,0
675,1420,0
272,526,0
316,57,0
376,492,0
277,246,0
670,398,0
409,920,0
575,1293,0
458,1094,0
469,558,0
353,1094,0
58,372,0
104,963,0
555,656,0
36,469,0
67,1326,0
477,136,0
85,1161,0
588,235,0
76,907,0
653,107,0
97,419,0
326,424,0
525,847,0
349,274,0
566,1016,0
533,182,0
459,325,0
603,1064,0
541,987,0
216,1423,0
601,529,0
544,39,0
273,999,0
457,834,0
42,117,0
89,1094,0
430,285,0
470,1409,0
626,677,0
365,996,0
20,850,0
580,929,0
445,1480,0
191,273,0
699,862,0
657,985,0
372,538,0
569,351,0
312,93,0
110,1466,0
167,1026,0
88,373,0
385,96,0
683,1321,0
177,860,0
446,326,0
523,1346,0
427,154,0
404,145,0
164,425,0
55,1311,0
85,1223,0
654,914,0
255,1419,0
693,1183,0
78,124,0
378,500,0
385,1411,0
26,668,0
296,324,0
107,1051,0
260,630,0
392,710,0
175,11,0
465,1066,0
620,760,0
158,914,0
131,1281,0
440,576,0
504,861,0
421,226,0
433,1453,0
226,373,0
67,826,0
336,281,0
328,1111,0
369,951,0
438,1253,0
373,746,0
656,651,0
39,347,0
183,1435,0
569,806,0
403,1160,0
179,1021,0
39,237,0
507,945,0
442,1018,0
445,1066,0
676,1427,0
575,656,0
79,1008,0
278,608,0
614,59,0
419,1454,0
687,452,0
192,960,0
131,1009,0
380,94,0
189,1372,0
255,1203,0
361,1385,0
78,1170,0
470,1278,0
607,284,0
351,1435,0
633,1226,0
499,1032,0
314,1027,0
560,1108,0
213,752,0
313,1078,0
293,218,0
201,470,0
567,847,0
485,530,0
530,591,0
310,367,0
265,1503,0
620,320,0
324,974,0
312,64,0
343,1074,0
56,1053,0
686,1439,0
476,799,0
51,1338,0
686,91,0
508,1072,0
421,1458,0
112,87,0
34,370,0
368,149,0
195,1324,0
638,1405,0
352,140,0
214,130,0
193,662,0
446,1315,0
688,44,0
679,1198,0
18,497,0
192,435,0
381,1468,0
657,1125,0
581,831,0
467,733,0
153,538,0
626,882,0
582,185,0
667,336,0
652,700,0
464,438,0
250,458,0
271,1375,0
17,1331,0
273,266,0
541,477,0
25,1296,0
522,496,0
130,1001,0
698,589,0
595,1096,0
273,859,0
388,155,0
516,622,0
89,1137,0
71,235,0
180,323,0
454,1375,0
38,1216,0
530,401,0
361,684,0
86,1430,0
492,565,0
357,83,0
308,1206,0
151,501,0
283,1357,0
45,1461,0
22,629,0
255,1339,0
162,1511,0
34,988,0
201,847,0
201,883,0
391,504,0
20,1420,0
632,663,0
596,1187,0
23,542,0
272,569,0
465,61,0
393,1016,0
584,1199,0
396,1176,0
252,74,0
422,749,0
323,459,0
605,158,0
218,472,0
486,390,0
571,801,0
678,749,0
667,341,0
571,1202,0
252,1441,0
613,360,0
343,1079,0
372,197,0
412,1063,0
571,3,0
304,599,0
419,347,0
471,965,0
463,442,0
202,244,0
94,1464,0
495,915,0
20,570,0
507,1112,0
684,691,0
137,837,0
564,1487,0
91,1075,0
279,1263,0
365,200,0
421,429,0
148,497,0
494,1048,0
474,34,0
340,727,0
346,755,0
15,599,0
56,292,0
329,462,0
326,1015,0
661,228,0
221,1414,0
347,1380,0
10,751,0
546,735,0
402,600,0
398,32,0
268,897,0
2,342,0
64,603,0
433,1336,0
71,648,0
177,764,0
352,1265,0
279,1154,0
258,1356,0
175,1016,0
619,899,0
67,574,0
0,912,0
75,1060,0
527,168,0
256,10,0
106,602,0
380,146,0
375,205,0
599,1232,0
76,288,0
532,39,0
284,1485,0
4,1146,0
116,746,0
565,1035,0
58,1328,0
200,1168,0
211,1052,0
279,1068,0
218,1033,0
591,731,0
376,1115,0
84,806,0
93,1067,0
428,275,0
575,1406,0
305,433,0
98,210,0
330,259,0
654,535,0
651,650,0
256,181,0
151,1030,0
686,227,0
48,798,0
52,1409,0
446,139,0
239,929,0
334,315,0
394,823,0
325,1087,0
681,766,0
368,1108,0
495,833,0
72,263,0
688,1265,0
364,121,0
396,851,0
415,602,0
209,77,0
52,345,0
233,1425,0
454,814,0
331,1366,0
532,1021,0
376,960,0
229,1175,0
369,567,0
601,1442,0
240,1108,0
556,1496,0
36,1423,0
292,373,0
622,942,0
485,36,0
560,382,0
91,1336,0
395,819,0
597,1252,0
8,137,0
348,217,0
306,1193,0
489,1087,0
477,331,0
16,1409,0
483,1400,0
461,669,0
341,933,0
600,1213,0
126,1436,0
411,1196,0
214,173,0
468,1489,0
45,65,0
554,975,0
25,346,0
139,256,0
639,341,0
594,157,0
638,629,0
284,1269,0
167,912,0
180,1315,0
685,1060,0
701,646,0
500,39,0
682,1509,0
538,89,0
493,1162,0
347,1481,0
148,6,0
636,702,0
501,699,0
111,19,0
448,1386,0
79,297,0
373,754,0
2,300,0
488,13,0
323,733,0
488,990,0
200,1038,0
670,1188,0
140,360,0
520,1066,0
435,1258,0
370,50,0
272,403,0
285,406,0
689,808,0
650,178,0
217,252,0
13,562,0
409,958,0
318,229,0
211,1067,0
293,1327,0
674,506,0
344,1103,0
343,188,0
406,524,0
80,234,0
262,1429,0
524,308,0
562,431,0
206,811,0
156,518,0
609,124,0
368,255,0
312,1263,0
247,344,0
371,406,0
343,988,0
687,1272,0
302,1440,0
527,817,0
613,321,0
354,870,0
14,1190,0
262,23,0
226,758,0
500,54,0
654,647,0
657,397,0
374,563,0
17,92,0
672,182,0
241,437,0
106,554,0
537,634,0
405,1319,0
11,1272,0
482,1046,0
583,1114,0
423,50,0
90,1486,0
548,25,0
202,1251,0
214,1117,0
655,1374,0
331,1469,0
116,573,0
31,965,0
20,660,0
615,872,0
674,293,0
249,584,0
8,178,0
655,974,0
212,757,0
516,836,0
392,290,0
215,764,0
131,160,0
377,453,0
369,391,0
164,228,0
95,1033,0
668,990,0
272,628,0
120,1501,0
48,1275,0
280,698,0
531,582,0
115,441,0
542,396,0
83,267,0
551,1040,0
702,1107,0
491,372,0
628,183,0
315,132,0
382,1239,0
459,954,0
449,1475,0
527,356,0
204,506,0
590,1170,0
300,311,0
435,428,0
296,790,0
350,760,0
271,753,0
416,1343,0
500,1298,0
389,864,0
130,701,0
378,1367,0
329,1501,0
589,772,0
691,762,0
40,337,0
425,672,0
88,901,0
215,1277,0
219,1349,0
620,579,0
278,1201,0
142,770,0
403,581,0
164,433,0
166,1363,0
123,854,0
612,437,0
624,379,0
276,131,0
281,103,0
448,988,0
171,600,0
276,334,0
555,410,0
465,1173,0
604,611,0
304,1164,0
21,271,0
582,234,0
488,1220,0
457,300,0
326,439,0
146,377,0
326,381,0
490,1402,0
215,698,0
62,95,0
302,984,0
494,591,0
0,885,0
342,802,0
126,659,0
28,96,0
71,1403,0
578,894,0
608,1397,0
284,578,0
398,324,0
220,312,0
219,962,0
452,1150,0
82,393,0
380,247,0
370,1009,0
304,302,0
557,1392,0
241,315,0
189,261,0
461,1124,0
577,385,0
189,303,0
475,1406,0
289,294,0
664,228,0
705,26,0
89,1011,0
433,15,0
590,579,0
610,687,0
367,1367,0
231,1276,0
588,1420,0
150,491,0
305,140,0
528,28,0
455,1208,0
479,838,0
351,293,0
611,18,0
249,660,0
260,980,0
563,196,0
200,375,0
345,658,0
693,1,0
248,1475,0
167,1141,0
507,722,0
189,503,0
646,275,0
109,943,0
343,625,0
216,481,0
156,1068,0
655,144,0
666,198,0
697,538,0
276,79,0
420,19,0
195,1383,0
635,1467,0
118,137,0
134,1069,0
396,170,0
663,1065,0
382,668,0
621,679,0
643,836,0
343,471,0
284,138,0
604,1336,0
334,480,0
695,468,0
668,956,0
324,780,0
204,1432,0
389,906,0
215,997,0
208,617,0
118,1193,0
252,1485,0
38,105,0
184,884,0
260,814,0
531,635,0
316,700,0
336,693,0
433,1098,0
442,805,0
600,112,0
40,127,0
97,1322,0
20,543,0
181,117,0
293,26,0
462,283,0
67,535,0
39,536,0
226,65,0
541,651,0
649,816,0
615,325,0
259,1383,0
167,958,0
582,1078,0
202,90,0
623,293,0
49,826,0
245,369,0
99,437,0
300,762,0
90,1214,0
285,1367,0
316,264,0
470,970,0
463,227,0
183,364,0
81,1416,0
18,1452,0
430,736,0
602,1439,0
144,1379,0
363,544,0
59,507,0
330,170,0
203,275,0
517,1387,0
75,1054,0
198,504,0
438,1228,0
354,1293,0
357,1409,0
476,470,0
5,1460,0
486,453,0
666,257,0
54,945,0
584,717,0
508,208,0
252,837,0
487,227,0
383,247,0
614,221,0
465,1417,0
159,743,0
178,633,0
317,291,0
502,381,0
276,967,0
84,76,0
49,1394,0
613,1097,0
24,1239,0
102,1138,0
249,1436,0
117,385,0
295,1411,0
3,141,0
489,1419,0
446,1025,0
362,1260,0
553,371,0
495,1440,0
546,137,0
45,475,0
393,961,0
320,1072,0
683,383,0
492,1154,0
82,1088,0
449,1149,0
626,1369,0
415,1485,0
389,173,0
605,1137,0
607,881,0
367,594,0
605,1153,0
416,163,0
465,1005,0
480,952,0
257,1146,0
568,96,0
410,687,0
32,499,0
262,690,0
301,430,0
656,726,0
253,893,0
213,330,0
288,1186,0
691,782,0
609,133,0
454,1200,0
289,490,0
190,137,0
463,1090,0
588,77,0
49,686,0
358,96,0
152,153,0
377,34,0
651,944,0
43,146,0
173,1165,0
24,796,0
343,444,0
160,774,0
257,286,0
208,944,0
19,58,0
511,791,0
116,1194,0
263,822,0
174,294,0
627,189,0
149,433,0
700,1057,0
328,759,0
285,648,0
287,1095,0
568,74,0
50,1125,0
657,782,0
278,933,0
317,1310,0
191,1216,0
224,1116,0
116,48,0
676,72,0
279,953,0
293,498,0
481,535,0
498,1476,0
368,684,0
622,1033,0
179,792,0
384,140,0
241,729,0
386,842,0
620,1310,0
550,1145,0
21,1060,0
299,788,0
569,1121,0
584,1439,0
228,117,0
588,1054,0
145,908,0
12,1133,0
646,6,0
621,21,0
512,1492,0
303,1428,0
197,529,0
602,1379,0
388,476,0
17,416,0
430,622,0
231,1225,0
267,489,0
144,5,0
499,634,0
518,1451,0
365,838,0
152,488,0
412,588,0
617,1391,0
554,1485,0
643,11,0
622,1082,0
248,1043,0
281,1401,0
467,902,0
216,1408,0
367,963,0
199,489,0
637,872,0
126,22,0
298,759,0
630,121,0
303,500,0
266,614,0
617,534,0
481,607,0
595,1437,0
406,1088,0
449,883,0
650,1051,0
511,182,0
347,84,0
565,779,0
226,107,0
359,795,0
253,561,0
150,772,0
586,263,0
597,1326,0
343,491,0
278,122,0
257,180,0
295,1296,0
454,615,0
457,1185,0
196,1508,0
403,1425,0
534,981,0
491,25,0
339,216,0
632,1240,0
678,660,0
543,679,0
707,45,0
294,389,0
489,279,0
441,311,0
192,785,0
447,452,0
438,426,0
419,824,0
150,302,0
367,1017,0
76,1010,0
86,1432,0
315,1003,0
542,416,0
553,1460,0
320,427,0
172,89,0
58,1467,0
538,269,0
487,610,0
63,700,0
494,653,0
345,1220,0
650,581,0
381,208,0
579,1,0
660,1244,0
502,1331,0
55,1086,0
178,1031,0
492,889,0
322,1252,0
415,980,0
126,746,0
670,966,0
127,1162,0
326,1511,0
405,325,0
614,497,0
121,1014,0
288,563,0
417,1511,0
463,162,0
136,156,0
11,481,0
142,879,0
342,1286,0
148,1430,0
21,1459,0
509,597,0
220,564,0
689,1208,0
391,282,0
364,440,0
662,875,0
569,266,0
460,61,0
393,1291,0
555,374,0
418,1044,0
98,236,0
470,821,0
498,1424,0
550,73,0
476,662,0
403,1450,0
161,696,0
151,13,0
706,1088,0
35,963,0
161,1096,0
289,50,0
131,1124,0
639,202,0
230,127,0
539,1362,0
606,567,0
394,1122,0
257,899,0
416,154,0
203,999,0
380,674,0
272,489,0
328,417,0
72,369,0
534,197,0
508,562,0
123,1461,0
503,803,0
511,746,0
446,1261,0
673,712,0
160,1395,0
461,407,0
570,418,0
515,802,0
134,626,0
643,1043,0
229,1436,0
669,471,0
267,1447,0
346,216,0
698,1444,0
252,1048,0
235,1321,0
703,742,0
426,681,0
467,85,0
534,851,0
404,542,0
368,1031,0
503,775,0
383,369,0
116,1049,0
51,134,0
42,1503,0
569,335,0
415,1461,0
240,159,0
374,1420,0
673,1496,0
441,511,0
400,1206,0
603,1361,0
684,1172,0
384,1142,0
367,459,0
411,1430,0
644,697,0
558,85,0
273,1344,0
401,23,0
517,731,0
542,777,0
593,509,0
635,2,0
200,1013,0
627,110,0
63,666,0
507,130,0
353,1501,0
375,759,0
203,310,0
424,1241,0
300,1174,0
209,738,0
494,779,0
130,806,0
99,1429,0
349,1460,0
4,84,0
453,517,0
363,1170,0
175,688,0
604,853,0
702,1086,0
426,900,0
88,1406,0
276,382,0
524,459,0
364,702,0
697,155,0
567,923,0
531,488,0
631,489,0
144,768,0
250,1083,0
391,693,0
511,925,0
87,790,0
245,1006,0
351,1012,0
554,1049,0
411,140,0
396,1370,0
581,1314,0
183,116,0
644,1326,0
668,1091,0
432,727,0
75,92,0
14,474,0
73,360,0
290,318,0
47,1189,0
445,753,0
430,599,0
84,475,0
555,750,0
666,501,0
426,151,0
495,258,0
192,1288,0
356,843,0
593,1309,0
415,174,0
698,989,0
99,682,0
515,757,0
88,297,0
619,716,0
365,574,0
691,234,0
677,537,0
154,443,0
187,909,0
322,1002,0
390,309,0
495,122,0
385,138,0
280,629,0
186,612,0
17,40,0
577,727,0
126,486,0
503,1010,0
480,1017,0
329,882,0
591,1241,0
278,1232,0
460,496,0
434,1039,0
627,1389,0
383,677,0
169,129,0
467,1256,0
349,144,0
598,54,0
97,238,0
82,1234,0
32,502,0
601,261,0
300,1373,0
52,676,0
197,334,0
264,1101,0
681,948,0
647,578,0
418,930,0
584,791,0
84,288,0
612,516,0
680,1210,0
14,1064,0
425,786,0
647,503,0
399,125,0
283,1249,0
457,924,0
157,1263,0
175,240,0
267,574,0
502,338,0
57,118,0
529,696,0
690,1411,0
491,1471,0
133,175,0
491,861,0
190,228,0
348,862,0
25,698,0
563,59,0
266,920,0
250,817,0
651,240,0
561,176,0
648,112,0
529,930,0
693,481,0
156,847,0
74,1460,0
151,1454,0
652,157,0
1,690,0
195,1269,0
349,1059,0
690,1334,0
482,362,0
364,270,0
330,739,0
600,1153,0
229,783,0
603,1099,0
569,795,0
627,389,0
311,1214,0
527,1211,0
470,186,0
202,1387,0
112,226,0
1,1358,0
354,1115,0
44,73,0
179,40,0
556,609,0
439,242,0
702,1503,0
198,1017,0
25,418,0
585,930,0
306,1464,0
581,360,0
506,1386,0
590,483,0
345,550,0
57,1101,0
100,1339,0
53,375,0
408,613,0
648,720,0
117,977,0
74,520,0
464,1207,0
594,824,0
53,463,0
446,607,0
243,589,0
296,175,0
364,758,0
114,9,0
65,421,0
140,29,0
207,315,0
552,650,0
59,714,0
655,1481,0
120,346,0
258,1394,0
188,63,0
361,496,0
409,1483,0
172,586,0
27,694,0
148,850,0
606,1424,0
459,1032,0
42,503,0
405,171,0
337,308,0
624,222,0
381,125,0
4,415,0
262,66,0
70,1321,0
221,89,0
640,1010,0
561,733,0
625,99,0
300,1490,0
609,880,0
15,507,0
545,1056,0
443,217,0
398,221,0
50,968,0
276,477,0
646,749,0
520,10,0
350,604,0
516,613,0
357,303,0
453,412,0
531,1447,0
678,100,0
119,303,0
298,969,0
385,1081,0
77,342,0
124,1140,0
315,200,0
491,1226,0
139,623,0
516,44,0
531,716,0
580,648,0
346,344,0
528,539,0
393,75,0
22,1393,0
276,502,0
164,739,0
637,380,0
617,1082,0
589,1152,0
351,1445,0
519,219,0
545,80,0
378,262,0
153,643,0
323,1428,0
104,516,0
603,1256,0
227,1106,0
186,1068,0
454,1461,0
310,1073,0
85,1356,0
131,748,0
266,478,0
21,459,0
430,987,0
265,615,0
89,1511,0
647,1467,0
514,460,0
7,583,0
571,1478,0
503,1362,0
459,1335,0
565,566,0
425,552,0
209,358,0
115,79,0
661,115,0
624,1433,0
165,425,0
278,275,0
2,7,0
167,365,0
679,722,0
93,1443,0
202,871,0
68,552,0
594,1187,0
208,830,0
402,29,0
450,62,0
34,30,0
593,838,0
277,1229,0
64,349,0
477,39,0
39,682,0
442,1406,0
230,151,0
193,1301,0
437,141,0
331,1291,0
262,543,0
686,668,0
189,104,0
500,83,0
672,54,0
700,1294,0
642,870,0
527,343,0
75,192,0
269,6,0
698,1063,0
426,465,0
371,85,0
34,182,0
296,1493,0
431,441,0
95,897,0
239,595,0
549,1196,0
251,163,0
210,1149,0
169,52,0
661,450,0
443,236,0
84,542,0
140,1075,0
76,51,0
192,1022,0
224,352,0
244,202,0
359,296,0
181,1212,0
451,673,0
16,1414,0
384,1224,0
396,965,0
165,34,0
56,1301,0
414,1491,0
121,371,0
395,1252,0
505,51,0
304,1216,0
251,898,0
332,581,0
570,1011,0
55,860,0
690,1066,0
451,699,0
295,141,0
425,818,0
412,1236,0
666,333,0
246,436,0
632,1216,0
205,1345,0
48,251,0
626,719,0
447,1215,0
175,651,0
108,600,0
386,332,0
46,923,0
229,864,0
484,617,0
400,789,0
404,634,0
38,725,0
456,898,0
580,242,0
259,1178,0
157,99,0
591,185,0
304,315,0
208,1011,0
257,808,0
541,439,0
238,1429,0
273,1088,0
240,1462,0
697,576,0
581,1414,0
470,554,0
295,1508,0
312,1091,0
169,807,0
296,257,0
573,368,0
375,1495,0
27,1225,0
472,12,0
492,810,0
605,1060,0
144,786,0
99,173,0
567,951,0
536,1150,0
10,1479,0
49,1003,0
437,803,0
442,665,0
136,379,0
52,35,0
47,41,0
591,1511,0
445,1407,0
161,1123,0
195,1056,0
623,1313,0
492,105,0
280,766,0
374,522,0
239,1295,0
576,605,0
290,484,0
180,843,0
91,1372,0
239,787,0
277,1285,0
612,888,0
364,782,0
449,1438,0
201,972,0
279,1295,0
560,462,0
196,771,0
69,1433,0
208,1219,0
153,750,0
121,1058,0
429,1112,0
466,1364,0
148,420,0
216,1053,0
283,455,0
333,706,0
541,130,0
46,541,0
305,250,0
516,187,0
619,641,0
84,1355,0
386,1451,0
216,682,0
35,1186,0
257,11,0
486,583,0
197,26,0
135,1201,0
457,464,0
281,1070,0
622,1051,0
498,633,0
269,1420,0
515,198,0
658,972,0
256,342,0
570,1443,0
357,1267,0
542,327,0
555,282,0
100,579,0
400,1051,0
112,1415,0
18,874,0
441,1420,0
593,798,0
476,109,0
33,1146,0
2,585,0
402,421,0
588,420,0
279,193,0
256,376,0
666,744,0
108,1410,0
315,19,0
509,1097,0
673,1352,0
201,534,0
452,863,0
206,1031,0
57,207,0
50,1161,0
116,879,0
682,894,0
418,102,0
318,1376,0
694,1455,0
33,521,0
552,1199,0
360,881,0
500,1196,0
14,132,0
548,413,0
70,103,0
525,257,0
58,1418,0
476,138,0
18,156,0
704,1500,0
278,63,0
103,1509,0
362,496,0
180,494,0
317,818,0
610,1442,0
368,1462,0
328,194,0
658,391,0
89,1402,0
251,701,0
161,459,0
575,364,0
179,1150,0
704,1477,0
492,1122,0
10,1189,0
337,485,0
510,145,0
217,411,0
101,1334,0
685,274,0
71,900,0
210,1123,0
240,483,0
368,65,0
680,1251,0
387,398,0
616,375,0
490,1232,0
601,606,0
84,1328,0
617,407,0
449,827,0
661,159,0
30,545,0
57,221,0
150,707,0
674,174,0
577,367,0
182,529,0
478,208,0
377,1171,0
577,503,0
309,1127,0
323,694,0
111,1240,0
554,250,0
116,1417,0
174,412,0
462,1383,0
444,306,0
702,167,0
214,1430,0
381,575,0
605,819,0
699,1489,0
400,109,0
577,156,0
526,732,0
505,471,0
265,568,0
188,715,0
434,1010,0
221,1120,0
376,274,0
51,1168,0
281,961,0
373,590,0
226,1408,0
136,80,0
385,650,0
634,1229,0
153,485,0
677,923,0
111,1172,0
619,103,0
30,130,0
484,1209,0
544,857,0
570,1332,0
577,57,0
597,868,0
246,1320,0
195,643,0
673,63,0
288,53,0
236,133,0
142,195,0
550,533,0
151,1457,0
528,1240,0
25,1451,0
542,244,0
518,463,0
534,1,0
189,135,0
407,1213,0
110,899,0
241,629,0
581,833,0
226,448,0
261,899,0
491,1487,0
556,1012,0
574,1030,0
562,737,0
402,399,0
268,1042,0
573,155,0
297,499,0
491,443,0
316,21,0
596,1506,0
426,243,0
318,622,0
211,583,0
195,456,0
248,43,0
364,190,0
641,1176,0
16,1277,0
322,1210,0
623,1127,0
486,928,0
476,343,0
12,748,0
182,468,0
515,623,0
12,760,0
498,253,0
554,950,0
233,940,0
74,608,0
495,236,0
356,823,0
660,142,0
707,11,0
508,1164,0
270,3,0
161,1028,0
160,482,0
685,1473,0
56,1294,0
431,300,0
137,1060,0
470,664,0
402,493,0
272,472,0
468,1415,0
419,798,0
19,578,0
575,1286,0
626,1294,0
565,1327,0
133,238,0
671,6,0
40,1409,0
32,253,0
20,355,0
180,512,0
89,1231,0
667,630,0
230,79,0
40,329,0
120,1457,0
488,1087,0
554,259,0
329,1274,0
0,195,0
471,922,0
656,1080,0
626,246,0
694,654,0
25,894,0
292,911,0
522,635,0
335,7,0
407,184,0
621,393,0
300,139,0
682,1106,0
429,210,0
590,539,0
493,569,0
132,1402,0
470,745,0
631,10,0
481,803,0
566,1446,0
682,205,0
278,665,0
367,1459,0
316,634,0
66,877,0
21,964,0
446,1194,0
272,390,0
108,464,0
184,274,0
273,581,0
103,817,0
141,825,0
600,438,0
525,621,0
398,765,0
680,631,0
14,176,0
9,934,0
309,447,0
344,138,0
670,1437,0
413,123,0
93,706,0
612,1364,0
101,228,0
647,241,0
484,1498,0
204,1278,0
395,1026,0
285,849,0
658,270,0
153,920,0
133,541,0
38,663,0
542,678,0
613,1046,0
284,785,0
600,494,0
377,1130,0
586,81,0
417,1156,0
233,630,0
492,336,0
79,1434,0
705,1436,0
691,889,0
548,1209,0
223,919,0
226,1324,0
368,906,0
196,1024,0
600,1365,0
184,1292,0
229,1357,0
10,676,0
98,913,0
555,348,0
510,836,0
551,1187,0
637,720,0
261,908,0
384,145,0
355,43,0
458,919,0
478,387,0
555,167,0
82,632,0
637,205,0
423,403,0
49,792,0
147,307,0
348,628,0
416,820,0
562,281,0
703,631,0
281,536,0
145,383,0
4,244,0
233,840,0
22,944,0
283,321,0
531,206,0
191,93,0
682,1349,0
13,1013,0
181,222,0
69,845,0
505,3,0
206,1021,0
55,752,0
662,475,0
669,703,0
342,542,0
235,1042,0
154,251,0
145,710,0
556,160,0
469,994,0
202,482,0
156,481,0
697,796,0
428,932,0
106,255,0
578,1051,0
481,296,0
480,1276,0
261,805,0
494,1092,0
138,211,0
573,47,0
458,940,0
515,1303,0
571,526,0
270,1443,0
36,458,0
462,845,0
538,233,0
351,1352,0
510,885,0
485,945,0
482,1037,0
409,1387,0
347,331,0
537,1181,0
440,135,0
415,1386,0
125,1281,0
477,708,0
184,968,0
114,858,0
578,247,0
689,1236,0
550,983,0
26,1003,0
630,1361,0
167,1217,0
410,1069,0
86,656,0
358,453,0
321,414,0
416,425,0
314,1237,0
68,6,0
473,961,0
8,1056,0
423,825,0
653,827,0
222,239,0
72,1348,0
395,1432,0
586,399,0
578,396,0
520,808,0
538,411,0
652,283,0
465,259,0
537,458,0
176,765,0
257,474,0
578,925,0
479,577,0
48,239,0
353,698,0
550,1027,0
201,426,0
343,223,0
189,1065,0
156,10,0
236,1459,0
223,194,0
413,860,0
450,324,0
261,784,0
281,1488,0
593,1432,0
548,1094,0
50,717,0
659,989,0
276,1470,0
82,1406,0
19,715,0
398,167,0
171,704,0
614,1038,0
692,673,0
238,541,0
260,444,0
263,1181,0
38,769,0
236,999,0
276,1231,0
300,903,0
551,381,0
528,330,0
294,410,0
24,680,0
378,869,0
274,264,0
553,688,0
82,107,0
460,952,0
292,436,0
170,992,0
514,1047,0
357,295,0
677,1354,0
80,1379,0
36,1144,0
460,1184,0
480,846,0
472,1348,0
116,1040,0
555,510,0
390,1445,0
312,398,0
679,870,0
31,1148,0
379,1369,0
469,1450,0
160,915,0
193,767,0
93,87,0
210,410,0
141,310,0
584,1437,0
195,905,0
142,1143,0
452,1207,0
432,443,0
297,534,0
125,376,0
691,1302,0
401,1273,0
609,104,0
39,1492,0
201,395,0
130,651,0
138,672,0
269,1030,0
384,726,0
147,1369,0
530,1057,0
391,535,0
316,1191,0
70,440,0
673,848,0
80,669,0
175,96,0
95,1339,0
568,473,0
521,874,0
698,617,0
271,390,0
200,740,0
358,1454,0
624,1334,0
569,395,0
547,434,0
247,1179,0
684,83,0
657,419,0
703,22,0
428,1105,0
315,772,0
8,1027,0
330,202,0
305,1283,0
359,1130,0
91,354,0
560,1255,0
310,667,0
246,26,0
685,1103,0
345,12,0
29,1320,0
333,1273,0
376,886,0
542,1474,0
269,201,0
310,358,0
685,107,0
397,883,0
628,565,0
7,1046,0
269,516,0
524,978,0
386,313,0
239,640,0
36,1401,0
625,842,0
488,34,0
128,222,0
207,1215,0
117,694,0
332,878,0
472,1274,0
57,113,0
176,1379,0
298,123,0
535,592,0
227,477,0
277,795,0
541,326,0
567,1454,0
210,82,0
200,238,0
258,645,0
650,1443,0
548,505,0
329,213,0
449,795,0
84,1181,0
666,1291,0
292,1135,0
326,819,0
462,1296,0
99,1282,0
307,214,0
688,636,0
166,887,0
55,325,0
703,750,0
334,1459,0
450,714,0
446,878,0
551,1047,0
247,529,0
655,1266,0
655,125,0
376,200,0
423,997,0
516,1143,0
349,97,0
593,165,0
663,1125,0
586,342,0
694,708,0
497,962,0
303,1137,0
188,700,0
476,207,0
488,250,0
19,169,0
281,717,0
505,1296,0
655,1050,0
100,1170,0
356,1089,0
523,815,0
381,840,0
552,1252,0
188,557,0
237,53,0
342,884,0
564,1022,0
402,115,0
373,885,0
369,439,0
84,903,0
61,126,0
171,1399,0
306,14,0
570,1126,0
699,943,0
2,31,0
702,615,0
704,1407,0
60,100,0
51,531,0
455,763,0
519,496,0
225,890,0
543,1441,0
38,1094,0
462,1320,0
176,138,0
27,1014,0
177,1255,0
417,1035,0
179,61,0
363,1338,0
214,1316,0
384,1084,0
198,1339,0
495,871,0
294,795,0
440,5,0
530,1022,0
293,1022,0
610,472,0
411,88,0
399,574,0
569,779,0
384,1149,0
389,615,0
348,1225,0
264,0,0
576,63,0
265,713,0
132,746,0
59,756,0
0,1488,0
674,1311,0
456,1158,0
312,1256,0
133,1052,0
134,603,0
329,1272,0
649,1349,0
635,673,0
264,126,0
599,777,0
298,1303,0
469,961,0
623,96,0
366,646,0
481,910,0
173,1103,0
698,1232,0
465,1447,0
107,351,0
402,158,0
101,186,0
621,1509,0
558,1023,0
557,1295,0
585,523,0
16,490,0
176,193,0
79,168,0
616,681,0
393,64,0
409,50,0
528,737,0
553,786,0
285,338,0
234,223,0
459,149,0
331,832,0
497,1279,0
54,1462,0
326,49,0
203,859,0
46,540,0
90,1328,0
515,803,0
114,898,0
543,482,0
306,441,0
483,1109,0
675,860,0
407,192,0
217,819,0
249,303,0
589,563,0
392,48,0
641,125,0
451,330,0
33,1069,0
377,583,0
18,1192,0
397,1267,0
485,1341,0
76,591,0
645,952,0
327,506,0
697,431,0
274,1101,0
703,257,0
161,878,0
256,1270,0
652,124,0
234,897,0
394,5,0
225,1479,0
450,188,0
193,1135,0
10,598,0
386,1242,0
426,434,0
535,902,0
167,1504,0
140,1149,0
646,382,0
487,331,0
58,378,0
316,715,0
638,673,0
419,659,0
215,235,0
361,851,0
139,518,0
463,1301,0
30,809,0
439,56,0
672,60,0
304,814,0
14,221,0
339,385,0
141,705,0
677,589,0
676,1033,0
215,815,0
267,477,0
134,1212,0
617,619,0
448,55,0
182,219,0
481,1359,0
327,799,0
319,201,0
574,760,0
556,170,0
528,269,0
162,147,0
615,1436,0
246,1273,0
677,1101,0
123,685,0
591,909,0
602,450,0
352,1281,0
543,247,0
147,623,0
509,213,0
344,1501,0
299,1224,0
309,263,0
486,1349,0
111,692,0
486,1022,0
146,1166,0
528,1153,0
119,1078,0
154,849,0
311,1072,0
95,836,0
461,1201,0
121,1252,0
693,215,0
177,481,0
367,91,0
673,38,0
424,624,0
697,1505,0
115,1319,0
34,901,0
238,1382,0
239,184,0
323,677,0
229,1491,0
497,1192,0
491,38,0
484,1189,0
525,1412,0
641,1086,0
119,637,0
270,350,0
386,1400,0
413,42,0
303,1086,0
167,1062,0
52,276,0
548,1039,0
381,40,0
542,1469,0
512,1338,0
253,166,0
488,369,0
107,1087,0
337,873,0
580,653,0
580,1423,0
505,449,0
495,472,0
694,618,0
167,1475,0
92,346,0
499,637,0
539,105,0
640,573,0
243,1333,0
507,219,0
145,66,0
394,833,0
110,1173,0
533,1150,0
638,710,0
256,1166,0
187,1297,0
132,1154,0
662,524,0
91,1459,0
374,1026,0
64,1509,0
64,316,0
167,356,0
158,266,0
271,292,0
28,416,0
567,714,0
415,1126,0
470,307,0
86,381,0
704,357,0
94,1485,0
83,418,0
564,1112,0
550,37,0
695,1340,0
412,454,0
425,1066,0
220,593,0
239,372,0
76,643,0
8,145,0
659,1248,0
407,1449,0
454,1314,0
411,42,0
339,682,0
124,554,0
469,6,0
421,277,0
553,1065,0
619,1140,0
686,253,0
404,181,0
512,80,0
446,752,0
27,1136,0
58,470,0
71,897,0
569,1217,0
151,712,0
654,274,0
147,439,0
564,206,0
544,687,0
330,771,0
223,731,0
412,142,0
524,206,0
227,1307,0
93,823,0
212,1037,0
302,449,0
663,1205,0
362,295,0
603,1420,0
406,242,0
568,54,0
213,739,0
328,450,0
680,120,0
265,1389,0
585,296,0
410,683,0
569,48,0
479,1503,0
24,686,0
561,120,0
133,1388,0
76,962,0
63,118,0
473,320,0
112,594,0
115,50,0
601,1419,0
545,633,0
177,726,0
665,270,0
680,298,0
413,254,0
246,1151,0
678,1283,0
132,1398,0
5,590,0
475,495,0
498,49,0
407,1026,0
582,1233,0
217,1202,0
245,811,0
427,1396,0
46,644,0
408,422,0
464,331,0
13,1312,0
241,3,0
117,553,0
265,1509,0
39,1076,0
4,1090,0
259,1197,0
686,739,0
401,1061,0
678,1382,0
379,1379,0
428,1196,0
345,1263,0
133,1099,0
541,98,0
387,1274,0
224,928,0
345,1118,0
155,237,0
247,328,0
521,820,0
636,1064,0
434,643,0
16,123,0
219,61,0
705,996,0
421,148,0
3,1233,0
656,788,0
535,1045,0
433,828,0
445,656,0
697,1262,0
40,800,0
432,700,0
662,670,0
317,1502,0
213,1460,0
123,22,0
389,1257,0
364,146,0
183,463,0
459,246,0
166,1013,0
414,200,0
570,717,0
299,1008,0
173,1144,0
382,1388,0
138,509,0
19,1251,0
541,1155,0
488,351,0
472,500,0
655,899,0
332,897,0
451,1357,0
514,244,0
72,623,0
475,319,0
245,1493,0
214,1333,0
539,70,0
23,675,0
383,1426,0
176,1078,0
210,1088,0
457,1408,0
121,1217,0
31,222,0
343,110,0
41,796,0
64,607,0
8,1308,0
603,270,0
702,109,0
406,1313,0
673,521,0
682,958,0
148,1443,0
544,520,0
577,785,0
532,1466,0
225,1258,0
213,384,0
392,868,0
266,726,0
453,884,0
394,464,0
339,1392,0
235,215,0
636,1391,0
234,104,0
530,271,0
437,246,0
629,1067,0
39,1016,0
340,597,0
99,239,0
259,129,0
201,454,0
4,1291,0
121,1226,0
190,658,0
644,533,0
107,74,0
675,1470,0
67,580,0
408,722,0
509,1258,0
248,967,0
244,909,0
454,266,0
655,977,0
422,870,0
485,1128,0
553,139,0
553,1372,0
76,1413,0
337,644,0
314,217,0
28,84,0
491,610,0
672,1374,0
329,51,0
136,1454,0
671,234,0
634,53,0
652,1434,0
580,1190,0
490,220,0
498,127,0
79,1215,0
318,153,0
56,836,0
645,794,0
343,1041,0
404,1321,0
123,747,0
465,161,0
239,213,0
503,14,0
119,1412,0
491,145,0
523,572,0
570,789,0
74,1140,0
559,90,0
663,1029,0
227,154,0
692,77,0
611,616,0
391,226,0
484,58,0
661,1233,0
301,1397,0
644,791,0
62,1465,0
401,1336,0
46,787,0
473,794,0
520,792,0
633,513,0
458,833,0
678,573,0
309,341,0
175,1307,0
421,1051,0
317,196,0
82,1250,0
531,1462,0
575,988,0
688,50,0
410,1202,0
288,1355,0
145,392,0
219,746,0
32,22,0
630,5,0
487,1394,0
177,1222,0
153,243,0
568,511,0
137,27,0
164,1402,0
19,1155,0
118,262,0
337,1191,0
167,954,0
690,1421,0
339,941,0
400,326,0
158,556,0
481,295,0
563,1353,0
239,1110,0
148,190,0
278,1114,0
599,455,0
551,92,0
93,12,0
446,93,0
627,1041,0
412,578,0
50,799,0
482,497,0
95,821,0
707,875,0
341,1064,0
360,1261,0
376,23,0
145,253,0
564,1048,0
646,894,0
410,658,0
574,1243,0
184,1409,0
653,580,0
453,652,0
96,1284,0
433,1429,0
271,1003,0
270,937,0
213,233,0
701,893,0
242,1442,0
613,1309,0
642,1452,0
486,98,0
499,579,0
332,724,0
60,634,0
27,965,0
453,95,0
502,625,0
510,332,0
112,1479,0
598,150,0
580,1406,0
59,766,0
425,1385,0
41,426,0
322,981,0
205,642,0
47,349,0
299,149,0
383,1242,0
311,844,0
405,1316,0
260,1103,0
612,1045,0
246,477,0
115,13,0
682,409,0
509,78,0
487,109,0
77,1270,0
535,928,0
680,1367,0
352,1459,0
93,255,0
123,1047,0
39,972,0
434,238,0
519,841,0
167,1128,0
525,1416,0
458,674,0
338,325,0
67,1428,0
239,576,0
206,110,0
420,82,0
706,198,0
80,681,0
467,996,0
297,1230,0
95,645,0
307,703,0
397,593,0
438,705,0
649,1471,0
82,991,0
374,337,0
534,265,0
601,1380,0
224,1411,0
577,17,0
327,621,0
621,1250,0
594,567,0
625,491,0
498,376,0
627,1052,0
238,1277,0
29,1436,0
694,768,0
543,1412,0
141,891,0
255,91,0
143,719,0
250,249,0
370,131,0
685,129,0
285,1494,0
260,252,0
14,1236,0
217,68,0
566,323,0
662,84,0
311,81,0
681,1079,0
578,837,0
534,269,0
227,1265,0
77,135,0
431,156,0
530,1044,0
410,917,0
677,328,0
703,794,0
571,291,0
163,956,0
670,472,0
285,447,0
135,78,0
329,1113,0
154,6,0
544,506,0
704,756,0
309,951,0
453,624,0
402,345,0
314,393,0
664,1304,0
130,719,0
57,468,0
36,261,0
347,539,0
134,759,0
638,903,0
43,1240,0
139,1165,0
515,440,0
417,46,0
635,1314,0
662,119,0
121,1127,0
354,619,0
68,984,0
696,570,0
95,1240,0
296,779,0
375,1428,0
518,560,0
64,1223,0
694,663,0
368,118,0
681,471,0
386,1336,0
236,1064,0
384,861,0
528,1084,0
640,1507,0
565,1372,0
173,1097,0
121,336,0
63,1012,0
421,256,0
250,384,0
634,176,0
66,776,0
166,952,0
165,722,0
114,993,0
289,1131,0
439,954,0
242,1155,0
78,697,0
153,1483,0
215,421,0
600,208,0
695,141,0
576,596,0
687,709,0
81,773,0
654,184,0
528,817,0
633,616,0
236,1149,0
111,725,0
29,975,0
544,1168,0
430,700,0
291,748,0
492,227,0
510,263,0
451,1491,0
97,1043,0
627,225,0
183,38,0
376,423,0
674,365,0
648,42,0
327,986,0
611,1460,0
668,1094,0
218,230,0
311,1242,0
322,413,0
452,1214,0
626,1060,0
220,994,0
614,1251,0
267,969,0
17,1045,0
591,312,0
468,30,0
137,784,0
516,1128,0
57,1497,0
289,1419,0
525,1496,0
154,1463,0
610,1367,0
399,1035,0
611,1436,0
414,179,0
236,947,0
664,1136,0
140,1159,0
487,1380,0
112,1224,0
369,417,0
583,176,0
90,230,0
545,1217,0
29,370,0
383,837,0
290,927,0
531,485,0
195,112,0
539,396,0
248,33,0
681,318,0
310,1418,0
436,1300,0
69,806,0
411,154,0
455,577,0
223,1483,0
346,926,0
267,1111,0
329,1500,0
595,923,0
172,629,0
124,623,0
274,696,0
53,769,0
64,1335,0
690,555,0
434,731,0
252,242,0
200,1258,0
346,740,0
484,579,0
176,944,0
33,291,0
508,335,0
581,706,0
67,906,0
130,120,0
394,713,0
703,1056,0
223,890,0
34,843,0
555,626,0
326,1302,0
3,712,0
154,955,0
432,418,0
415,1065,0
347,551,0
447,19,0
335,24,0
216,1148,0
627,179,0
495,762,0
562,43,0
416,1318,0
266,264,0
521,282,0
64,274,0
581,841,0
486,36,0
121,479,0
120,1075,0
527,287,0
530,1355,0
417,1356,0
177,1497,0
159,1256,0
431,28,0
117,273,0
96,60,0
545,805,0
548,953,0
553,776,0
347,1181,0
14,329,0
528,1248,0
206,195,0
518,791,0
604,843,0
7,271,0
133,1143,0
189,1331,0
451,311,0
136,6,0
92,551,0
638,382,0
56,599,0
57,1510,0
90,602,0
161,508,0
663,757,0
96,558,0
611,942,0
413,146,0
394,633,0
562,79,0
545,776,0
74,1288,0
226,449,0
443,176,0
39,534,0
500,560,0
583,1235,0
286,1050,0
152,691,0
313,393,0
513,766,0
570,1250,0
597,471,0
391,846,0
591,833,0
478,1204,0
644,1020,0
363,52,0
386,663,0
144,705,0
704,764,0
442,1262,0
62,500,0
381,940,0
95,1298,0
644,606,0
174,494,0
530,60,0
26,1006,0
608,234,0
98,1443,0
211,184,0
401,599,0
227,1117,0
13,732,0
389,862,0
544,1108,0
51,695,0
401,843,0
633,43,0
631,714,0
630,1462,0
25,439,0
410,198,0
348,739,0
642,1347,0
274,914,0
350,927,0
284,1092,0
359,970,0
298,1075,0
201,510,0
471,784,0
480,1430,0
54,1041,0
285,666,0
150,1124,0
447,443,0
28,314,0
481,923,0
327,21,0
289,1321,0
135,1017,0
440,799,0
494,1253,0
641,434,0
153,1331,0
347,609,0
433,382,0
508,1470,0
462,169,0
534,111,0
575,727,0
531,980,0
208,782,0
673,206,0
602,1034,0
653,525,0
577,163,0
233,334,0
231,763,0
546,98,0
637,940,0
145,967,0
591,1039,0
672,701,0
186,652,0
433,1461,0
33,1208,0
29,894,0
505,563,0
642,210,0
59,166,0
303,104,0
549,237,0
225,727,0
609,24,0
357,190,0
368,1321,0
567,798,0
245,1352,0
181,651,0
595,1036,0
672,1485,0
136,748,0
144,1410,0
420,1442,0
504,1138,0
373,1397,0
426,1024,0
315,810,0
602,1043,0
320,1103,0
177,1507,0
697,26,0
582,1445,0
511,181,0
345,1255,0
294,848,0
366,640,0
36,1431,0
340,1264,0
215,123,0
281,465,0
330,810,0
618,101,0
423,187,0
431,678,0
265,663,0
61,368,0
276,947,0
151,1407,0
420,806,0
140,1400,0
59,752,0
102,266,0
264,691,0
358,647,0
86,354,0
151,30,0
635,355,0
156,329,0
452,1370,0
655,461,0
652,40,0
604,413,0
303,777,0
262,638,0
621,1364,0
150,281,0
410,1437,0
490,1238,0
191,119,0
377,599,0
512,998,0
598,446,0
395,422,0
480,1164,0
427,434,0
582,1291,0
608,516,0
47,1178,0
382,1194,0
6,1236,0
427,1053,0
543,925,0
437,1252,0
54,557,0
492,1472,0
647,419,0
445,1285,0
529,303,0
370,846,0
606,648,0
4,1267,0
633,1154,0
284,1425,0
113,1500,0
230,752,0
246,787,0
87,930,0
465,431,0
627,846,0
474,1203,0
215,33,0
437,809,0
654,966,0
376,346,0
424,414,0
246,648,0
362,476,0
241,1384,0
104,1154,0
697,52,0
212,992,0
265,841,0
72,854,0
301,141,0
334,1479,0
456,1284,0
572,1076,0
337,1481,0
142,228,0
562,732,0
75,805,0
122,1151,0
604,320,0
8,1400,0
606,41,0
51,1040,0
380,1380,0
583,297,0
645,194,0
534,622,0
508,280,0
82,85,0
667,447,0
510,406,0
517,266,0
120,848,0
511,1148,0
357,445,0
143,468,0
376,1497,0
181,1400,0
463,27,0
44,246,0
558,726,0
322,1311,0
435,406,0
353,312,0
608,712,0
107,1472,0
541,991,0
187,1335,0
297,1467,0
139,1445,0
505,240,0
359,885,0
617,724,0
146,361,0
270,346,0
476,312,0
590,1231,0
213,1246,0
164,843,0
681,110,0
231,21,0
585,1423,0
684,696,0
525,894,0
465,233,0
255,1473,0
702,831,0
585,1102,0
650,262,0
261,95,0
451,150,0
486,1012,0
117,994,0
27,673,0
541,877,0
568,80,0
633,1475,0
534,398,0
447,799,0
613,916,0
88,964,0
327,1146,0
342,189,0
645,916,0
97,1272,0
363,1504,0
694,1074,0
549,1051,0
7,1374,0
597,1351,0
552,310,0
33,572,0
583,1336,0
495,499,0
162,992,0
313,702,0
115,308,0
165,1092,0
499,925,0
48,1195,0
318,520,0
43,105,0
319,1284,0
181,1064,0
299,380,0
68,532,0
434,7,0
261,494,0
80,641,0
608,888,0
400,736,0
497,337,0
95,1360,0
56,421,0
329,1212,0
331,1364,0
545,348,0
666,362,0
306,210,0
233,1236,0
243,1016,0
584,706,0
69,511,0
664,959,0
99,1215,0
305,273,0
139,1181,0
266,213,0
104,642,0
291,231,0
176,101,0
583,691,0
579,43,0
215,472,0
398,1159,0
73,938,0
176,1446,0
529,1427,0
316,6,0
565,1264,0
454,1030,0
602,1127,0
575,1485,0
158,1430,0
55,409,0
606,311,0
17,179,0
244,922,0
421,924,0
102,368,0
695,860,0
225,545,0
523,570,0
181,1167,0
27,358,0
149,728,0
497,1196,0
234,676,0
25,590,0
452,969,0
574,481,0
491,719,0
168,123,0
570,986,0
695,1022,0
526,801,0
488,917,0
241,63,0
401,1303,0
317,1282,0
150,61,0
532,848,0
487,628,0
198,366,0
169,1498,0
332,1415,0
661,86,0
575,464,0
303,215,0
494,476,0
298,909,0
617,223,0
82,806,0
457,445,0
335,230,0
176,850,0
691,686,0
416,705,0
151,531,0
128,931,0
6,1189,0
385,722,0
195,1035,0
692,1360,0
106,1317,0
186,42,0
277,289,0
449,323,0
307,1028,0
232,1154,0
76,89,0
18,556,0
468,1288,0
667,871,0
14,109,0
265,230,0
133,296,0
618,1090,0
286,866,0
12,945,0
576,990,0
68,652,0
200,1433,0
649,690,0
359,138,0
434,718,0
655,411,0
306,634,0
665,112,0
249,645,0
76,1038,0
24,785,0
378,953,0
628,1036,0
111,675,0
633,931,0
84,1332,0
304,929,0
247,1361,0
100,621,0
267,640,0
22,299,0
79,1100,0
428,1032,0
677,402,0
442,625,0
420,282,0
395,235,0
656,1166,0
304,284,0
290,1073,0
353,533,0
32,1416,0
444,1000,0
361,1469,0
154,591,0
682,661,0
92,869,0
202,1004,0
46,1328,0
623,1328,0
686,880,0
385,1092,0
295,667,0
500,748,0
0,831,0
667,987,0
253,1450,0
295,882,0
365,971,0
156,1070,0
668,848,0
620,1135,0
66,1249,0
379,266,0
166,615,0
648,1475,0
247,937,0
343,341,0
449,1074,0
315,495,0
605,862,0
535,930,0
374,373,0
37,983,0
473,871,0
17,399,0
373,1153,0
512,581,0
95,541,0
667,1084,0
509,1334,0
360,123,0
284,140,0
445,97,0
254,1231,0
633,1056,0
439,904,0
403,1249,0
628,917,0
148,303,0
65,178,0
208,584,0
349,294,0
537,488,0
125,88,0
621,1305,0
342,381,0
331,162,0
528,781,0
38,1370,0
388,12,0
507,1018,0
642,1005,0
219,12,0
353,15,0
350,744,0
206,404,0
459,1489,0
689,1320,0
201,1003,0
53,1267,0
10,533,0
461,984,0
461,218,0
447,1073,0
246,721,0
5,1290,0
640,783,0
213,150,0
682,755,0
375,729,0
177,348,0
457,1182,0
557,650,0
452,1480,0
125,1120,0
328,1363,0
20,766,0
19,571,0
335,574,0
466,1036,0
173,296,0
46,1479,0
440,1342,0
36,729,0
665,806,0
546,1209,0
608,839,0
628,1503,0
249,309,0
60,1031,0
260,635,0
554,410,0
81,169,0
518,1473,0
214,595,0
526,418,0
668,130,0
94,1503,0
240,881,0
11,1215,0
357,1395,0
577,44,0
378,1196,0
10,261,0
112,876,0
623,1128,0
322,703,0
315,270,0
463,578,0
106,351,0
424,1170,0
401,1372,0
631,1382,0
334,1059,0
85,548,0
161,1435,0
178,1113,0
89,82,0
395,1416,0
43,23,0
292,307,0
63,269,0
271,320,0
359,1383,0
491,808,0
435,902,0
700,423,0
178,283,0
494,571,0
447,354,0
377,156,0
188,923,0
360,681,0
138,1403,0
367,869,0
259,82,0
345,1120,0
586,654,0
587,1085,0
35,1475,0
327,1277,0
161,1268,0
41,309,0
389,544,0
650,1150,0
268,1198,0
104,182,0
296,1450,0
224,363,0
640,819,0
140,675,0
223,1381,0
22,661,0
610,395,0
592,144,0
87,1463,0
556,723,0
291,741,0
90,413,0
577,510,0
233,297,0
575,376,0
623,1334,0
230,672,0
596,1446,0
648,969,0
270,854,0
617,1296,0
315,30,0
583,373,0
565,1497,0
384,1484,0
668,270,0
332,653,0
55,243,0
23,1099,0
456,517,0
148,1073,0
675,1145,0
133,159,0
386,972,0
322,790,0
428,1052,0
166,905,0
674,659,0
466,569,0
246,1141,0
125,492,0
632,1305,0
412,614,0
589,1085,0
565,496,0
493,359,0
12,1199,0
268,512,0
116,309,0
162,576,0
254,42,0
626,997,0
525,922,0
256,763,0
447,426,0
700,1232,0
161,487,0
6,606,0
216,278,0
58,781,0
463,560,0
501,503,0
339,1114,0
605,1036,0
146,1117,0
641,119,0
657,248,0
200,237,0
315,439,0
57,358,0
341,138,0
174,1228,0
423,126,0
227,771,0
420,864,0
116,1316,0
481,204,0
304,523,0
117,503,0
22,10,0
393,953,0
517,81,0
437,411,0
460,998,0
303,755,0
493,1204,0
135,392,0
73,817,0
650,1086,0
101,968,0
409,1147,0
678,958,0
453,1061,0
28,27,0
557,806,0
318,758,0
286,518,0
43,727,0
88,731,0
626,140,0
461,1131,0
258,1379,0
122,1068,0
490,442,0
282,233,0
481,909,0
270,706,0
190,1300,0
104,112,0
652,520,0
633,1438,0
379,605,0
343,1010,0
614,875,0
29,317,0
477,52,0
159,686,0
518,679,0
326,434,0
615,619,0
576,1067,0
684,142,0
549,560,0
700,905,0
309,969,0
121,185,0
138,1355,0
60,490,0
309,1012,0
181,675,0
298,577,0
240,163,0
224,1017,0
274,1013,0
137,711,0
187,1338,0
406,206,0
174,1388,0
332,444,0
43,299,0
38,688,0
357,317,0
103,1321,0
117,763,0
448,778,0
433,742,0
441,434,0
211,286,0
688,1399,0
330,1,0
705,10,0
671,255,0
110,1502,0
270,55,0
552,170,0
14,1187,0
601,396,0
177,388,0
620,891,0
25,463,0
380,682,0
104,861,0
223,953,0
113,647,0
507,1107,0
701,1129,0
266,799,0
194,869,0
448,1113,0
59,716,0
481,860,0
189,535,0
485,187,0
628,903,0
571,1419,0
46,55,0
314,1030,0
92,50,0
631,136,0
139,838,0
186,933,0
104,534,0
352,407,0
219,176,0
549,890,0
89,1191,0
498,700,0
611,584,0
302,307,0
375,888,0
54,425,0
498,427,0
245,86,0
638,1288,0
563,318,0
285,484,0
43,44,0
566,1430,0
77,1180,0
341,357,0
374,332,0
618,1195,0
434,646,0
608,210,0
589,108,0
698,122,0
26,296,0
535,115,0
545,1011,0
438,919,0
473,60,0
639,332,0
604,447,0
88,759,0
517,908,0
216,1080,0
288,885,0
484,756,0
128,544,0
45,584,0
148,350,0
152,251,0
20,1327,0
84,810,0
41,167,0
619,1247,0
210,214,0
307,60,0
527,727,0
5,905,0
388,1392,0
109,454,0
352,632,0
703,176,0
61,578,0
207,501,0
400,764,0
469,46,0
161,215,0
369,306,0
86,490,0
152,1267,0
42,388,0
377,402,0
100,717,0
57,571,0
22,614,0
201,983,0
357,261,0
563,369,0
525,395,0
604,1425,0
324,926,0
275,309,0
395,1336,0
565,1385,0
650,648,0
271,672,0
394,1330,0
19,597,0
432,1339,0
286,1418,0
148,233,0
619,382,0
343,273,0
465,1268,0
280,282,0
313,994,0
548,759,0
436,403,0
239,27,0
559,986,0
175,104,0
534,1070,0
338,914,0
450,893,0
149,1185,0
396,52,0
236,1323,0
674,1293,0
704,173,0
659,1325,0
228,90,0
595,859,0
130,121,0
472,56,0
530,1204,0
643,1146,0
592,805,0
534,266,0
108,3,0
595,36,0
43,1036,0
247,1485,0
229,834,0
130,458,0
43,90,0
441,119,0
218,616,0
706,305,0
637,783,0
89,76,0
674,781,0
202,1453,0
6,1139,0
646,357,0
11,1398,0
104,795,0
610,5,0
459,570,0
620,132,0
444,484,0
329,43,0
289,63,0
130,216,0
36,933,0
270,32,0
301,1049,0
421,1206,0
231,1250,0
34,401,0
393,702,0
191,1032,0
327,1267,0
345,692,0
393,607,0
487,1269,0
543,52,0
627,101,0
568,1384,0
341,432,0
362,996,0
602,130,0
593,1156,0
568,327,0
563,1031,0
48,712,0
80,1391,0
513,1366,0
571,1175,0
460,398,0
574,1489,0
109,723,0
195,1305,0
465,277,0
40,498,0
473,468,0
173,224,0
153,649,0
133,1160,0
20,1377,0
243,1003,0
412,139,0
665,690,0
324,413,0
631,1353,0
43,1354,0
547,1352,0
293,883,0
314,33,0
391,933,0
30,150,0
146,741,0
443,330,0
324,640,0
354,1103,0
556,938,0
310,1067,0
371,120,0
91,1063,0
219,297,0
316,842,0
639,530,0
385,1181,0
672,569,0
353,1186,0
336,1215,0
444,639,0
640,1476,0
148,745,0
35,972,0
96,415,0
33,1387,0
540,1270,0
267,359,0
282,965,0
375,1162,0
67,1320,0
207,84,0
223,784,0
175,952,0
50,484,0
414,4,0
150,583,0
228,312,0
567,1433,0
258,759,0
628,43,0
464,18,0
254,277,0
682,1450,0
210,497,0
516,614,0
621,931,0
283,227,0
493,967,0
410,625,0
348,734,0
640,473,0
693,504,0
624,423,0
375,1440,0
690,769,0
138,580,0
552,495,0
107,663,0
203,1177,0
10,1380,0
486,1465,0
458,989,0
121,122,0
186,417,0
370,748,0
251,385,0
193,1315,0
461,810,0
481,1289,0
123,505,0
461,714,0
396,571,0
298,1076,0
676,1038,0
58,1205,0
35,1130,0
52,1344,0
586,1409,0
609,161,0
114,1152,0
172,82,0
406,1075,0
672,1129,0
1,992,0
220,1134,0
130,365,0
378,742,0
579,538,0
663,139,0
104,840,0
7,1324,0
702,1077,0
565,702,0
416,46,0
389,414,0
338,572,0
529,922,0
133,1163,0
11,767,0
233,1494,0
391,491,0
518,1423,0
428,1171,0
345,766,0
242,1071,0
253,866,0
450,886,0
664,892,0
437,647,0
584,1431,0
484,1466,0
394,272,0
631,1097,0
439,214,0
413,211,0
602,313,0
405,1504,0
161,1292,0
497,223,0
582,1069,0
301,300,0
697,1178,0
530,461,0
528,1228,0
69,234,0
522,93,0
658,402,0
470,998,0
605,818,0
138,118,0
447,1460,0
468,465,0
51,1037,0
565,1108,0
27,838,0
600,1259,0
585,1430,0
209,473,0
159,17,0
393,1295,0
675,145,0
107,202,0
166,526,0
464,1015,0
193,1000,0
83,376,0
432,1013,0
628,1,0
474,1242,0
164,351,0
121,1418,0
190,1327,0
597,877,0
80,386,0
224,796,0
173,103,0
518,964,0
133,725,0
597,69,0
382,46,0
315,1244,0
555,1205,0
13,463,0
208,1446,0
543,973,0
305,1426,0
162,460,0
130,1378,0
553,142,0
664,931,0
14,1205,0
229,969,0
352,982,0
294,1295,0
486,639,0
541,1383,0
290,7,0
105,1319,0
188,180,0
498,1136,0
303,686,0
475,819,0
596,334,0
224,453,0
532,722,0
706,24,0
667,750,0
144,884,0
609,1171,0
439,322,0
263,195,0
617,1357,0
141,1305,0
453,17,0
391,1485,0
110,249,0
703,1029,0
336,1295,0
152,1463,0
560,1137,0
271,634,0
342,742,0
414,607,0
81,880,0
125,510,0
432,323,0
218,1121,0
459,598,0
605,441,0
255,858,0
65,900,0
263,1234,0
188,174,0
301,649,0
479,267,0
621,1238,0
302,881,0
448,889,0
448,668,0
265,1110,0
246,1163,0
66,576,0
694,128,0
518,1434,0
411,206,0
201,425,0
96,1366,0
305,853,0
377,432,0
65,944,0
71,888,0
249,215,0
577,550,0
304,146,0
698,494,0
383,1130,0
161,44,0
694,237,0
323,552,0
211,1161,0
582,887,0
673,1009,0
69,1319,0
324,74,0
409,717,0
665,153,0
677,1185,0
182,945,0
75,1299,0
11,503,0
96,1019,0
458,892,0
153,630,0
290,1273,0
268,742,0
621,418,0
382,662,0
589,180,0
217,206,0
571,1375,0
238,912,0
286,1109,0
679,510,0
275,215,0
59,908,0
686,994,0
354,584,0
247,971,0
317,423,0
544,521,0
367,1245,0
203,218,0
91,1061,0
678,913,0
236,11,0
379,536,0
403,52,0
638,99,0
272,350,0
675,656,0
484,639,0
259,978,0
377,146,0
77,183,0
621,811,0
245,261,0
600,184,0
663,1377,0
512,1107,0
33,936,0
435,1137,0
129,1300,0
332,386,0
31,361,0
645,1133,0
618,445,0
47,1064,0
274,565,0
199,1329,0
680,211,0
458,144,0
278,10,0
593,596,0
336,533,0
193,1057,0
702,531,0
197,1063,0
375,534,0
521,356,0
255,1127,0
645,848,0
506,756,0
482,88,0
412,1507,0
286,237,0
378,103,0
425,249,0
464,797,0
242,1164,0
596,1152,0
507,1289,0
649,268,0
283,1231,0
350,1392,0
436,898,0
167,891,0
477,220,0
370,192,0
10,957,0
593,1034,0
287,1342,0
513,356,0
49,1467,0
618,185,0
136,251,0
442,1117,0
160,233,0
109,124,0
400,1127,0
504,693,0
99,1503,0
4,1207,0
297,552,0
564,742,0
200,1207,0
315,913,0
514,516,0
679,738,0
693,432,0
118,1187,0
624,1442,0
525,54,0
3,930,0
84,492,0
81,358,0
653,867,0
619,1096,0
486,102,0
125,1168,0
706,1480,0
642,198,0
241,644,0
367,808,0
208,1369,0
341,882,0
583,1443,0
25,1246,0
350,139,0
112,793,0
644,1339,0
696,29,0
338,515,0
93,1442,0
334,866,0
476,1166,0
492,116,0
574,1051,0
413,224,0
469,749,0
702,772,0
555,1363,0
657,657,0
204,480,0
166,559,0
441,440,0
10,106,0
44,151,0
545,287,0
468,1261,0
309,207,0
240,463,0
369,113,0
644,1352,0
491,276,0
9,218,0
706,1065,0
295,206,0
554,970,0
41,1022,0
188,1370,0
706,696,0
516,1116,0
486,391,0
472,1130,0
386,295,0
589,27,0
605,1140,0
373,1185,0
331,50,0
48,1004,0
368,268,0
578,1412,0
455,104,0
358,296,0
315,601,0
73,786,0
568,97,0
481,331,0
288,796,0
554,1493,0
424,324,0
272,1395,0
154,1479,0
512,237,0
481,815,0
406,1292,0
683,90,0
585,271,0
151,717,0
254,785,0
620,1325,0
519,1014,0
55,260,0
340,678,0
250,580,0
284,104,0
401,68,0
570,831,0
50,1338,0
294,183,0
527,397,0
357,1336,0
184,226,0
429,213,0
239,1039,0
18,1470,0
278,267,0
390,1358,0
31,387,0
363,1238,0
229,1326,0
252,63,0
389,138,0
512,277,0
300,36,0
3,1115,0
54,841,0
468,938,0
321,712,0
672,1269,0
116,1068,0
77,278,0
575,668,0
278,1155,0
93,737,0
685,1282,0
425,286,0
652,465,0
580,542,0
132,693,0
84,1497,0
256,1108,0
665,406,0
119,863,0
346,383,0
692,513,0
29,1001,0
698,1368,0
23,855,0
272,169,0
380,1232,0
633,1483,0
110,261,0
492,297,0
100,713,0
122,623,0
68,782,0
593,1031,0
293,1067,0
218,1317,0
404,193,0
340,50,0
354,815,0
700,732,0
312,1223,0
443,170,0
476,1216,0
406,685,0
633,965,0
275,863,0
294,729,0
506,1091,0
95,693,0
588,769,0
217,878,0
114,1251,0
693,1145,0
298,829,0
641,526,0
182,214,0
320,1392,0
261,331,0
394,1410,0
667,112,0
495,1102,0
453,1386,0
187,411,0
521,1352,0
132,5,0
587,1461,0
179,366,0
16,1107,0
655,875,0
153,845,0
662,1103,0
54,1012,0
358,1110,0
531,999,0
186,133,0
14,1275,0
32,832,0
223,109,0
528,1318,0
403,700,0
528,1264,0
370,780,0
100,67,0
470,1508,0
436,672,0
84,216,0
150,1158,0
397,806,0
422,410,0
371,1126,0
620,1411,0
387,187,0
536,25,0
551,1411,0
16,199,0
115,449,0
614,1466,0
479,686,0
658,1390,0
89,1474,0
9,74,0
20,194,0
406,1047,0
44,520,0
28,1116,0
214,555,0
537,546,0
561,779,0
518,1343,0
358,347,0
47,368,0
551,864,0
386,1406,0
598,756,0
207,952,0
551,574,0
512,177,0
381,432,0
114,1077,0
403,675,0
500,1079,0
245,106,0
364,131,0
360,2,0
104,106,0
592,167,0
297,787,0
428,465,0
651,1492,0
600,461,0
169,664,0
591,248,0
682,1224,0
313,628,0
221,674,0
612,704,0
505,1491,0
95,712,0
337,1084,0
518,866,0
467,488,0
291,139,0
214,586,0
648,456,0
506,798,0
685,682,0
567,404,0
237,1295,0
156,1416,0
191,300,0
443,457,0
338,347,0
215,961,0
563,414,0
592,1170,0
338,413,0
213,1114,0
630,720,0
582,314,0
489,829,0
306,1213,0
55,1421,0
571,1365,0
230,282,0
308,947,0
422,1495,0
592,695,0
654,244,0
588,764,0
514,447,0
243,123,0
385,738,0
91,84,0
17,246,0
289,1410,0
336,315,0
100,1176,0
25,40,0
660,158,0
64,1046,0
267,1346,0
431,738,0
460,1393,0
203,150,0
354,388,0
446,356,0
408,1382,0
285,723,0
444,455,0
512,385,0
360,1234,0
443,255,0
388,305,0
564,1139,0
23,4,0
396,389,0
672,143,0
287,809,0
554,1365,0
195,1174,0
628,324,0
248,447,0
682,1353,0
700,1181,0
32,822,0
707,193,0
253,289,0
659,323,0
19,1357,0
370,320,0
595,1101,0
622,504,0
382,1444,0
484,290,0
157,78,0
151,1103,0
77,1091,0
478,605,0
426,1209,0
549,247,0
246,925,0
68,1511,0
501,843,0
